-27387.449243875097
-27387.48273773321
-27387.51106417426
-27387.44546088638
-27387.455171901485
-27387.369710642557
-27387.384652273817
-27387.50276914955
-27387.48415139362
-27387.45303779956
-27387.400461755205
-27387.471154578136
-27387.416925566056
-27387.391281929253
-27387.47376674712
-27387.457291047886
-27387.43189406971
-27387.61728356292
-27387.476814886508
-27387.466262819446
-27387.35218023925
-27387.398143306928
-27387.529071411118
-27387.42418804684
-27387.443506020434
-27387.443899451348
-27387.440275737405
-27387.47676200005
-27387.630183044697
-27387.48420689144
-27387.527122091822
-27387.474272816817
-27387.50872303768
-27387.52470940962
-27387.457362913196
-27387.431267531883
-27387.436128099624
-27387.54832764435
-27387.50974430932
-27387.507710591733
-27387.501385359355
-27387.480217250544
-27387.46792620584
-27387.49775274998
-27387.557102240717
-27387.440685344074
-27387.497592054464
-27387.52831874095
-27387.48669932862
-27387.48658106083
-27387.520501618492
-27387.526999966925
-27387.547692403044
-27387.570335549983
-27387.410591645952
-27387.52243226434
-27387.55350946434
-27387.448892562374
-27387.39250475548
-27387.517516175354
-27387.325115412794
-27387.566073897517
-27387.43956528646
-27387.5349457397
-27387.494051483038
-27387.37884209142
-27387.501845055376
-27387.414883524165
-27387.572507403558
-27387.622028804944
-27387.546257738322
-27387.50184541417
-27387.59845355279
-27387.441038145655
-27387.46453690244
-27387.37692655527
-27387.517297500133
-27387.53443248131
-27387.380933162753
-27387.473004166208
-27387.540348134527
-27387.54525068748
-27387.48105516784
-27387.498574670757
-27387.419053427162
-27387.60240833678
-27387.53636514718
-27387.37295856374
-27387.459418962408
-27387.468371906703
-27387.463978232277
-27387.47717857332
-27387.436810670675
-27387.513566493122
-27387.487783412147
-27387.462574201854
-27387.48500901666
-27387.404712493255
-27387.46906419039
-27387.441445570716
-27387.48855022458
-27387.508855305263
-27387.49529644842
-27387.508420234088
-27387.49149955406
-27387.464157144088
-27387.418457012915
-27387.48533916701
-27387.4853417907
-27387.497401196157
-27387.497407432715
-27387.516828646163
-27387.503736295916
-27387.36137044731
-27387.578648484516
-27387.524654885172
-27387.522768190305
-27387.520351433235
-27387.53914272612
-27387.592132002996
-27387.58630657799
-27387.520352648684
-27387.503635251887
-27387.38156883455
-27387.491687977024
-27387.533515603303
-27387.49137102088
-27387.55200679339
-27387.504892096087
-27387.415949352187
-27387.49283949034
-27387.54435626633
-27387.515394973438
-27387.486089080496
-27387.462256957435
-27387.445087884695
-27387.530377407762
-27387.4883011475
-27387.544287288132
-27387.57334404901
-27387.41834845367
-27387.498577013248
-27387.44064537964
-27387.461250219698
-27387.448225970496
-27387.435318070293
-27387.485817864246
-27387.44319700592
-27387.459674203135
-27387.44673962812
-27387.41280573026
-27387.446739304643
-27387.51726261089
-27387.514777563436
-27387.505462628764
-27387.50284583466
-27387.549699691277
-27387.44614191291
-27387.429657329096
-27387.39388933661
-27387.467991140238
-27387.447028575512
-27387.421714655247
-27387.369905673568
-27387.45385774342
-27387.530810722685
-27387.497170989558
-27387.33493290213
-27387.492584240754
-27387.416848296474
-27387.4853969173
-27387.589255285493
-27387.378874726364
-27387.482939604943
-27387.344516627723
-27387.484829902234
-27387.42211918826
-27387.516424945035
-27387.48261786961
-27387.463341975905
-27387.440829879037
-27387.350479719527
-27387.47886090386
-27387.52935132855
-27387.544768594013
-27387.52100374797
-27387.419463450824
-27387.494523678233
-27387.516869656745
-27387.471586320233
-27387.385408677652
-27387.53374327386
-27387.61004563536
-27387.493648497293
-27387.583528352377
-27387.459573632783
-27387.396988571214
-27387.465759563194
-27387.623138871448
-27387.40542764808
-27387.47162698458
-27387.47350982628
-27387.457220842938
-27387.415438627206
-27387.450881866338
-27387.521465123158
-27387.45659383085
-27387.513339745798
-27387.547086707615
-27387.486250262144
-27387.552860501637
-27387.55866714016
-27387.615079107098
-27387.479497554235
-27387.4223459821
-27387.639867338406
-27387.56795461681
-27387.55425284276
-27387.659786231547
-27387.61797334941
-27387.408774542106
-27387.54096247052
-27387.51317008547
-27387.49059408835
-27387.54805693584
-27387.596505478512
-27387.48368278738
-27387.48646428373
-27387.43375081974
-27387.56651342751
-27387.63809650281
-27387.56144585216
-27387.468570041492
-27387.357311696815
-27387.456130959014
-27387.479178518082
-27387.562348227802
-27387.498200752667
-27387.469450370285
-27387.578790345106
-27387.658280551324
-27387.499047087702
-27387.477165018106
-27387.56265834521
-27387.58121429889
-27387.57619063992
-27387.461211475376
-27387.50688585693
-27387.63693612018
-27387.405093484733
-27387.438110222403
-27387.626068378624
-27387.38976462835
-27387.460475168104
-27387.554903689437
-27387.35557682759
-27387.437821386673
-27387.437808660106
-27387.515065814187
-27387.479156866433
-27387.43366451412
-27387.596095022767
-27387.387180571015
-27387.48463458723
-27387.47774001646
-27387.524968640402
-27387.377138305455
-27387.445221045913
-27387.51250144648
-27387.49325593481
-27387.53753215674
-27387.527967529797
-27387.532932506383
-27387.43674459104
-27387.579304242583
-27387.36697307558
-27387.52270967244
-27387.455867506484
-27387.38645288424
-27387.60902451406
-27387.4934474741
-27387.294268350954
-27387.420021458434
-27387.417960275972
-27387.57807013722
-27387.651766950832
-27387.58396728428
-27387.512924987386
-27387.35889335429
-27387.55302253135
-27387.463788115776
-27387.40645084494
-27387.55994563095
-27387.53535401893
-27387.579712993054
-27387.4980978917
-27387.414164558795
-27387.575955767315
-27387.501327041056
-27387.543130859616
-27387.555711650486
-27387.531032606996
-27387.35260125952
-27387.553121074194
-27387.545875071497
-27387.494701743824
-27387.502466423593
-27387.515620716767
-27387.545057438656
-27387.438978399176
-27387.52911315301
-27387.5300871681
-27387.538133174694
-27387.50181454484
-27387.48963156135
-27387.535245698924
-27387.40340597651
-27387.53434251946
-27387.51645939039
-27387.506586821026
-27387.49841076776
-27387.40552272801
-27387.612816904588
-27387.477786390104
-27387.523658755745
-27387.514205909483
-27387.486584916493
-27387.46416929149
-27387.566768501456
-27387.544101859727
-27387.537229881462
-27387.575908636205
-27387.514160907514
-27387.579452224792
-27387.577285887997
-27387.526946484322
-27387.428031440555
-27387.643556921827
-27387.59950117521
-27387.55128735012
-27387.63801775907
-27387.51772599143
-27387.447584850586
-27387.58517370287
-27387.434223579803
-27387.544086014987
-27387.332974799356
-27387.457292922656
-27387.570436415124
-27387.57178636273
-27387.51771621834
-27387.55165773219
-27387.516324167664
-27387.57651243633
-27387.416927084007
-27387.445745442354
-27387.609912346918
-27387.571574669164
-27387.592428610253
-27387.462810035744
-27387.38212719356
-27387.4359956321
-27387.51560464733
-27387.55536758236
-27387.550052157156
-27387.60315815802
-27387.662326168083
-27387.56179919835
-27387.582240803233
-27387.359028418665
-27387.67573300955
-27387.529513179856
-27387.3905940996
-27387.650254556
-27387.521709258195
-27387.4049814749
-27387.525944822293
-27387.629133017756
-27387.550051443686
-27387.55826378681
-27387.446662950468
-27387.570753885982
-27387.480066635348
-27387.541624875987
-27387.44754485195
-27387.523127178116
-27387.49568683206
-27387.490364207937
-27387.41642031933
-27387.590527384127
-27387.362903426016
-27387.581245900517
-27387.478995355803
-27387.445774427742
-27387.530794459977
-27387.62943642088
-27387.592615624228
-27387.53745663521
-27387.38657863943
-27387.537247605662
-27387.630209637202
-27387.47202604895
-27387.428731650733
-27387.401939978765
-27387.609219563103
-27387.537389840556
-27387.476670148106
-27387.691251885553
-27387.551897136367
-27387.437329657034
-27387.46708343151
-27387.67579424713
-27387.527538336835
-27387.385257867812
-27387.419036529853
-27387.50028656691
-27387.55190448898
-27387.572272427933
-27387.412965157717
-27387.392643596388
-27387.47307873446
-27387.452516477133
-27387.55190123498
-27387.433995074673
-27387.305916877925
-27387.325303948626
-27387.413178175753
-27387.51225144535
-27387.364561414102
-27387.600583406747
-27387.58745798094
-27387.435314614602
-27387.243389976116
-27387.388545015296
-27387.483792391045
-27387.565555067733
-27387.475878119418
-27387.40447209279
-27387.40958802122
-27387.41177313014
-27387.406049860852
-27387.412436782924
-27387.440546714603
-27387.470600976274
-27387.45658872972
-27387.291544790976
-27387.445634500134
-27387.476953999478
-27387.44554557434
-27387.39736422019
-27387.388197789445
-27387.396096734832
-27387.47761466966
-27387.440667226547
-27387.495695368198
-27387.56202605233
-27387.54674262483
-27387.39215302458
-27387.499231427566
-27387.38436088252
-27387.40484631958
-27387.42890840186
-27387.415276672717
-27387.394584707166
-27387.318008287642
-27387.540152310063
-27387.43163202729
-27387.453150566882
-27387.391112363803
-27387.43957170639
-27387.405049037734
-27387.408509218556
-27387.34793406073
-27387.428486816447
-27387.459500920435
-27387.495015685134
-27387.47662463584
-27387.431640279752
-27387.52438187351
-27387.457022936436
-27387.432529595004
-27387.425973165424
-27387.352189231642
-27387.48198456357
-27387.51805116522
-27387.522622266486
-27387.53470147994
-27387.55034885279
-27387.504257235276
-27387.53365956548
-27387.524049589265
-27387.332661054126
-27387.49094273462
-27387.414999557557
-27387.40794041495
-27387.469256169177
-27387.448591736436
-27387.469041733013
-27387.408472353363
-27387.456576091565
-27387.50293991331
-27387.41082481834
-27387.67286031819
-27387.43315187395
-27387.453908304
-27387.372304444965
-27387.382260113387
-27387.440295230652
-27387.40227537314
-27387.457579485374
-27387.489836323162
-27387.51612018552
-27387.492874939206
-27387.577285791125
-27387.561445596668
-27387.48813922389
-27387.483461229407
-27387.49572099545
-27387.582369283213
-27387.56234810219
-27387.457750788602
-27387.512947480223
-27387.4638251942
-27387.562530744588
-27387.508634700753
-27387.49908485077
-27387.447014013575
-27387.465216941524
-27387.498189649228
-27387.461208885863
-27387.495357403724
-27387.442874499386
-27387.425775494412
-27387.47078488128
-27387.37048966432
-27387.415539163576
-27387.462386684772
-27387.45282099576
-27387.42201783254
-27387.465539978384
-27387.419914042388
-27387.381836634668
-27387.467201012187
-27387.48500476498
-27387.46897793076
-27387.44287412025
-27387.376060799048
-27387.489992234096
-27387.425262588287
-27387.459530286607
-27387.447669013596
-27387.46752173701
-27387.519750039686
-27387.53415930191
-27387.48247849613
-27387.582738056186
-27387.522621856628
-27387.50932185839
-27387.457776976727
-27387.424979811756
-27387.35182515647
-27387.496442339307
-27387.47823203065
-27387.426047104927
-27387.327882102414
-27387.33347487406
-27387.450331924752
-27387.47069441792
-27387.415312243687
-27387.49966007247
-27387.44523085328
-27387.43862261734
-27387.425789443707
-27387.460942300386
-27387.468066627927
-27387.46402161596
-27387.3625594729
-27387.419932085922
-27387.362365760193
-27387.461096247476
-27387.50227643976
-27387.509520747426
-27387.518053097177
-27387.551336765453
-27387.54777549278
-27387.440569342376
-27387.650732263635
-27387.411098266944
-27387.508125540982
-27387.555818747976
-27387.390509720215
-27387.48552568761
-27387.50856292133
-27387.526720095462
-27387.55773669628
-27387.40229643629
-27387.578736507217
-27387.540926413545
-27387.46564696881
-27387.51368634002
-27387.52496968463
-27387.44358124456
-27387.524915561673
-27387.509938122752
-27387.58433698593
-27387.468382885443
-27387.43995312773
-27387.537890135656
-27387.5640734566
-27387.51756228825
-27387.465862810623
-27387.518461690794
-27387.54224909975
-27387.455638767096
-27387.507511331503
-27387.559356135527
-27387.467941376835
-27387.57900680876
-27387.530252795565
-27387.545427434477
-27386.217966596087
-27387.46350106834
-27387.464189533246
-27387.57038767317
-27387.48058096422
-27387.48338264809
-27387.54726294719
-27387.56576546272
-27387.42509293816
-27387.389179918246
-27387.62636148652
-27387.41436927003
-27387.412812559764
-27387.357318533017
-27387.324631121934
-27387.45153499001
-27387.547115500856
-27387.48272099434
-27387.57179476656
-27387.52654675404
-27387.587697301184
-27387.5951543934
-27387.618919047567
-27387.46339317406
-27387.500806980468
-27387.433710187986
-27387.529087682808
-27387.48775675509
-27387.44781134556
-27387.470915180493
-27387.48210300096
-27387.475932767684
-27387.603336599357
-27387.375569964737
-27387.57405645871
-27387.523929637173
-27387.40944806199
-27387.3073943317
-27387.4167089786
-27387.521940141443
-27387.440525787413
-27387.601007050733
-27387.31109968652
-27387.513723942393
-27387.562240933054
-27387.495525732596
-27387.43701728491
-27387.454798302086
-27387.33974361654
-27387.51070704947
-27387.517742874654
-27387.399288654204
-27387.446933169347
-27387.54833600406
-27387.566150267343
-27387.48882191198
-27387.43093366512
-27387.49525007035
-27387.433213208697
-27387.47827032351
-27387.583976678477
-27387.452412871353
-27387.510666552043
-27387.421493638976
-27387.387420330364
-27387.356262207028
-27387.418664230318
-27387.46587805136
-27387.536167222763
-27387.537525063944
-27387.43326003776
-27387.41666108808
-27387.429328343533
-27387.55864446766
-27387.465535462376
-27387.434334521164
-27387.41965897255
-27387.490499063442
-27387.21353323753
-27387.50495745941
-27387.4456120149
-27387.38608178522
-27387.282955993323
-27387.389613602623
-27387.409988704523
-27387.43673282194
-27387.44430023211
-27387.475536453465
-27387.472510462117
-27387.509476982494
-27387.508855389904
-27387.473720586942
-27387.478082744114
-27387.51599990495
-27387.519459537572
-27387.469813019517
-27387.4797199364
-27387.450672373983
-27387.464193708227
-27387.45762073972
-27387.44758213975
-27387.430367740526
-27387.35734866682
-27387.42164485958
-27387.401220703356
-27387.42745642392
-27387.39635732168
-27387.380087601312
-27387.41211520217
-27387.400026378094
-27387.402638051502
-27387.492796985593
-27387.461837977942
-27387.47051496431
-27387.48327522864
-27387.47682720247
-27387.417483527875
-27387.4967326684
-27387.503831674294
-27387.437889650108
-27387.47644429573
-27387.498610108014
-27387.54551948465
-27387.49915716418
-27387.48507710772
-27387.486971619834
-27387.513507018222
-27387.54313263471
-27387.48036672509
-27387.40911889141
-27387.556907891347
-27387.52190269613
-27387.53874618749
-27387.504822651044
-27387.534701890418
-27387.455307757282
-27387.46526149807
-27387.529861468087
-27387.511669935975
-27387.42503935742
-27387.500205595206
-27387.500357889272
-27387.464017547954
-27387.48949946985
-27387.60252327797
-27387.58164749745
-27387.565875674678
-27387.48069068043
-27387.47289320295
-27387.527057955573
-27387.38803904487
-27387.533281699136
-27387.56441830748
-27387.530450994618
-27387.446127060655
-27387.53128582744
-27387.61003267428
-27387.61044864669
-27387.49915744253
-27387.59778182761
-27387.436971628063
-27387.55710287576
-27387.62524036399
-27387.405830510674
-27387.402756489013
-27387.296861556213
-27387.534003036548
-27387.460216630254
-27387.514629528036
-27387.419955768815
-27387.466367702673
-27387.488441955815
-27387.567160969156
-27387.576014533362
-27387.59957047304
-27387.393354288397
-27387.49309298901
-27387.525582668197
-27387.508250071944
-27387.58600585856
-27387.502757958842
-27387.48684240654
-27387.353122048582
-27387.508217805676
-27387.402186447125
-27387.5058949182
-27387.384824546163
-27387.57157491641
-27387.528811420696
-27387.453835039112
-27387.49334066889
-27387.471782241708
-27387.54769725525
-27387.46723532483
-27387.457657669554
-27387.47166888287
-27387.66232563634
-27387.43305062964
-27387.389268566832
-27387.437685258345
-27387.40466495047
-27387.381651413558
-27387.490942688084
-27387.500879877312
-27387.481190910345
-27387.51086019972
-27387.412673980183
-27387.49296394919
-27387.42438036535
-27387.406504555896
-27387.413398924815
-27387.493891446396
-27387.445496824454
-27387.375440302196
-27387.45174049095
-27387.468930202478
-27387.511856203004
-27387.41635348524
-27387.521962555493
-27387.48489055828
-27387.258524313867
-27387.502017040235
-27387.44028117526
-27387.450356983176
-27387.34323780845
-27387.406301591254
-27387.52773301973
-27387.445984181082
-27387.39054925691
-27387.412965011576
-27387.429004663936
-27387.46554923198
-27387.46338395733
-27387.44071079933
-27387.43033613629
-27387.44800360297
-27387.439669720465
-27387.497813154092
-27387.45958499221
-27387.45064695912
-27387.459841040654
-27387.436479613007
-27387.48731382847
-27387.44611354771
-27387.470302803173
-27387.51845769491
-27387.525523678938
-27387.390371820104
-27387.40198737139
-27387.470904066413
-27387.39611782033
-27387.415910971024
-27387.59535651179
-27387.451642746593
-27387.36803584411
-27387.443288014092
-27387.436519479226
-27387.43615667512
-27387.376557475756
-27387.40588222442
-27387.3845855566
-27387.406944508017
-27387.422574775024
-27387.41183677135
-27387.40591028725
-27387.52566637541
-27387.466143609974
-27387.506969117472
-27387.5486626284
-27387.506175392933
-27387.513148956175
-27387.500178448525
-27387.500525807187
-27387.53440926011
-27387.54162520822
-27387.520580141154
-27387.51192344354
-27387.521675356697
-27387.519695177176
-27387.536957427717
-27387.49159597884
-27387.472229162777
-27387.51557035575
-27387.553726488375
-27387.559499485797
-27387.53389378157
-27387.477746971832
-27387.44166720024
-27387.406639510635
-27387.50072167357
-27387.589098686254
-27387.520263910897
-27387.4991132604
-27387.385018352616
-27387.524844913765
-27387.436154573843
-27387.505576793526
-27387.399166781703
-27387.51402476887
-27387.557710176414
-27387.331422867814
-27387.487716749405
-27387.46470616195
-27387.48046218556
-27387.502795886117
-27387.51129735863
-27387.500248860095
-27387.351202596976
-27387.527901754635
-27387.422210209854
-27387.375241321744
-27387.4268354377
-27387.404382379103
-27387.54304316699
-27387.542975894128
-27387.540624971167
-27387.602133812165
-27387.555086543714
-27387.611706014242
-27387.528648833555
-27387.483729568416
-27387.456119461072
-27387.363768813266
-27387.375375640695
-27387.49711026549
-27387.59385520593
-27387.429882268527
-27387.449467278824
-27387.400844870397
-27387.462308175902
-27387.47567505764
-27387.410138737752
-27387.38731845905
-27387.48665905337
-27387.361921701562
-27387.57371753091
-27387.615103649405
-27387.36982250779
-27387.448877280272
-27387.230850375665
-27387.543242119245
-27387.586911031005
-27387.495572680884
-27387.38619321281
-27387.397120056008
-27387.309375717585
-27387.57072694903
-27387.562135259242
-27387.37649301292
-27387.61855341198
-27387.616323136855
-27387.54047897091
-27387.42036843812
-27387.537598140123
-27387.61388414935
-27387.494103611116
-27387.332583671217
-27387.39583102564
-27387.546462435912
-27387.422802442834
-27387.25539484804
-27387.370465595457
-27387.566161480685
-27387.533396091683
-27387.58553386348
-27387.52229938877
-27387.44947817675
-27387.590414563987
-27387.497556402996
-27387.48745566564
-27387.604252960933
-27387.377376051925
-27387.490419571863
-27387.476726339213
-27387.359236642988
-27387.482177357477
-27387.453841687897
-27387.350040255853
-27387.52098206443
-27387.32354792316
-27387.541825815286
-27387.435365576188
-27387.54176453002
-27387.250912532312
-27387.48882624632
-27387.572041617474
-27387.622335534325
-27387.30249930882
-27387.403794634727
-27387.39598909826
-27387.505911516164
-27387.509931819342
-27387.45481279796
-27387.350518612595
-27387.44249947792
-27387.505194437523
-27387.36476388039
-27387.519257607673
-27387.400341198052
-27387.430161446733
-27387.376900436655
-27387.373472116837
-27387.473209670105
-27387.552201781382
-27387.484692763777
-27387.454634624788
-27387.451359920015
-27387.375571299806
-27387.428336478864
-27387.49869048925
-27387.481517745655
-27387.518960997222
-27387.509737988225
-27387.523009126777
-27387.65407770808
-27387.538782456784
-27387.585392625442
-27387.53729194848
-27387.59334709654
-27387.588615781056
-27387.38186688563
-27387.65170725526
-27387.323151953704
-27387.398698161178
-27387.604686413426
-27387.63262000781
-27387.6623796403
-27387.48210257192
-27387.54332964928
-27387.571566472776
-27387.57289419131
-27387.47704505499
-27387.570239228997
-27387.471599683555
-27387.641170559866
-27387.373280061336
-27387.503823355626
-27387.415485251186
-27387.45642909355
-27387.46568332535
-27387.524916312148
-27387.489307504453
-27387.533943590766
-27387.433800221
-27387.57244191224
-27387.314468145058
-27387.51747692012
-27387.36731068166
-27387.48870710173
-27387.409502040173
-27387.3643173381
-27387.386433419982
-27387.4942910733
-27387.54050584379
-27387.462868149967
-27387.55842882782
-27387.46185021656
-27387.488358110022
-27387.579006663545
-27387.562292220977
-27387.556708324988
-27387.577702263552
-27387.481538808177
-27387.52146480336
-27387.451472567387
-27387.476325018775
-27387.537994190192
-27387.456755323146
-27387.574045990183
-27387.468179385294
-27387.40573198733
-27387.407170547503
-27387.43103967228
-27387.418923673762
-27387.47890330232
-27387.430977813558
-27387.382762383542
-27387.441416682013
-27387.406791379457
-27387.310341064487
-27387.397877982243
-27387.326807832294
-27387.470025646362
-27387.422489897515
-27387.444555806767
-27387.419351980843
-27387.39472149443
-27387.39911205553
-27387.417966724704
-27387.472695477052
-27387.45236994877
-27387.45163524776
-27387.442034658845
-27387.4439535208
-27387.445182451782
-27387.380937237875
-27387.429767884398
-27387.430793392487
-27387.440846300797
-27387.467699989764
-27387.492023260518
-27387.505600391967
-27387.489569078858
-27387.52784081003
-27387.47923733655
-27387.495341560752
-27387.494304759457
-27387.504135871204
-27387.497083128394
-27387.532866509933
-27387.542734528255
-27387.51574383132
-27387.514894900407
-27387.528252656295
-27387.4543261165
-27387.529950074684
-27387.51465540033
-27387.544743398324
-27387.464362699287
-27387.489341083943
-27387.51929054168
-27387.52797838826
-27387.491302785013
-27387.49823515307
-27387.384028968387
-27387.275318075088
-27387.459016947047
-27387.483188339975
-27387.514741560823
-27387.529217813906
-27387.516506903186
-27387.517135302638
-27387.50983173307
-27387.495409944047
-27387.442419434847
-27387.47389503377
-27387.515702520966
-27387.25157283673
-27387.58307490743
-27387.42730444639
-27387.38640885282
-27387.5449503521
-27387.300922769493
-27387.366450335663
-27387.51156660406
-27387.498464500823
-27387.59653686532
-27387.514961089437
-27387.436776184262
-27387.414947916215
-27387.602512676865
-27387.54262445625
-27387.430664466505
-27387.526659854077
-27387.279477647735
-27387.369404173514
-27387.51167395843
-27387.467750487984
-27387.492139292663
-27387.524542495696
-27387.429637818404
-27387.569305460034
-27387.525331348916
-27387.506625563987
-27387.565790494184
-27387.588338425398
-27387.467440997832
-27387.311722280156
-27387.532822398978
-27387.554598898507
-27387.499691486293
-27387.588978701035
-27387.53946010736
-27387.574516247845
-27387.550469048456
-27387.530252776436
-27387.55594756925
-27387.38275233424
-27387.46853842318
-27387.32801289597
-27387.498529876262
-27387.435220349314
-27387.498410989494
-27387.427988672083
-27387.532060233243
-27387.37793597023
-27387.381042859506
-27387.49620521668
-27387.43417101058
-27387.54410599133
-27387.515950705612
-27387.606133153306
-27387.56416217756
-27387.533416803242
-27387.53660546427
-27387.368016818164
-27387.638738836315
-27387.49151925877
-27387.46292154419
-27387.48849611362
-27387.536601751977
-27387.54304052242
-27387.50926545945
-27387.53992456151
-27387.263550277203
-27387.534727465623
-27387.53838247212
-27387.511223706213
-27387.47620825692
-27387.547098759213
-27387.438585109405
-27387.468156702358
-27387.300351646605
-27387.470823311796
-27387.48626908928
-27387.509396255024
-27387.382248048692
-27387.48893009936
-27387.530698043498
-27387.5476440825
-27387.523175396127
-27387.451527319292
-27387.49316492016
-27387.577807401947
-27387.629132883743
-27387.5348743404
-27387.58630654279
-27387.53983607543
-27387.45151507674
-27387.553786347078
-27387.43473115038
-27387.594015908646
-27387.478018831822
-27387.413209013015
-27387.46253050623
-27387.388921361442
-27387.46153413198
-27387.550462181316
-27387.361634045727
-27387.402539740342
-27387.459372319034
-27387.487438700613
-27387.490584489096
-27387.44715773896
-27387.424510866098
-27387.543960926956
-27387.50784259688
-27387.504538652815
-27387.46059772742
-27387.5984533871
-27387.53542895824
-27387.56345706663
-27387.647467673873
-27387.43917000264
-27387.56190146037
-27387.56884232504
-27387.535304698315
-27387.611220068542
-27387.609981842135
-27387.48401353371
-27387.53587884984
-27387.437934736932
-27387.53438934216
-27387.617863483865
-27387.601775593743
-27387.50431203327
-27387.418578131666
-27387.41925645824
-27387.46371224706
-27387.496646941614
-27387.52989053877
-27387.428338910406
-27387.529425997855
-27387.36866896136
-27387.551781297494
-27387.53443220091
-27387.53697869664
-27387.393238562272
-27387.427633500156
-27387.500057171885
-27387.495144839253
-27387.508890929043
-27387.5038549581
-27387.501843961578
-27387.327053757544
-27387.501845144187
-27387.57033642329
-27387.572507527184
-27387.569219485285
-27387.420159832145
-27387.462921703984
-27387.50202303938
-27387.58811601538
-27387.569578089853
-27387.446389857912
-27387.404310750477
-27387.51106312614
-27387.438895330582
-27387.507161911883
-27387.369854247874
-27387.387251541768
-27387.484886001486
-27387.546257915546
-27387.422751944156
-27387.359194489276
-27387.36744605212
-27387.410591460888
-27387.50961614497
-27387.401397650567
-27387.544935198952
-27387.51279008703
-27387.43764746055
-27387.448105038136
-27387.528918541375
-27387.399883440645
-27387.393568223182
-27387.487840351514
-27387.483106902255
-27387.570387543776
-27387.462242680172
-27387.317114393263
-27387.432113807685
-27387.412963390943
-27387.33879592552
-27387.475769510726
-27387.40503214623
-27387.451116744825
-27387.430261210575
-27387.409858498868
-27387.412084561187
-27387.45811985957
-27387.483045149973
-27387.499748473594
-27387.46252531668
-27387.480853897297
-27387.49598971862
-27387.28955777768
-27387.503634897294
-27387.417882844795
-27387.43088182592
-27387.499603138884
-27387.451295406172
-27387.39958549493
-27387.505312180787
-27387.49065938765
-27387.498347392553
-27387.496661016463
-27387.453565426113
-27387.47691575564
-27387.4913026875
-27387.51917029087
-27387.51996293903
-27387.5666060032
-27387.53880782548
-27387.32268264182
-27387.580343091173
-27387.556988743243
-27387.45870991116
-27387.47059050611
-27387.503459091167
-27387.23249290073
-27387.446328000042
-27387.52250164603
-27387.58310030635
-27387.56458783194
-27387.5434404303
-27387.55508445779
-27387.42920530044
-27387.55350935257
-27387.38214594144
-27387.47928386928
-27387.377788514026
-27387.54735027031
-27387.454268047142
-27387.497045455806
-27387.41355175747
-27387.46913488194
-27387.469296542033
-27387.47520478565
