-27385.33992454623	0	0	1	2
-27385.23478030273	0	0	2	3
-27385.636703745615	0	0	3	4
-27385.59609594934	0	0	4	5
-27385.671155034368	0	0	5	3
-27385.005686034827	0	0	3	6
-27385.246453597247	0	0	6	7
-27385.141881069616	0	0	7	2
-27385.156700246378	0	0	2	8
-27385.270360962764	0	0	8	9
-27385.246150089697	0	0	9	10
-27385.251565669634	0	0	10	9
-27385.12060396697	0	0	9	11
-27385.306495569163	0	0	11	12
-27385.38713449282	0	0	12	9
-27385.22500394292	0	0	9	13
-27385.432627521455	0	0	13	14
-27385.56812868574	0	0	14	15
-27385.379619406092	0	0	15	16
-27385.7181872219	0	0	16	15
-27385.493652646506	0	0	15	17
-27385.529057598873	0	0	17	18
-27385.526859135367	0	0	18	19
-27385.379145101462	0	0	19	20
-27385.611381279257	0	0	20	21
-27385.659577154613	0	0	21	22
-27385.503925332614	0	0	22	23
-27385.48937252041	0	0	23	24
-27385.685380506122	0	0	24	25
-27385.59676870039	0	0	25	26
-27385.710475770902	0	0	26	23
-27385.79472832968	0	0	23	27
-27385.708236581362	0	0	27	28
-27385.528718414404	0	0	28	29
-27385.436119869115	0	0	29	23
-27385.28773677897	0	0	23	19
-27385.033913634692	0	0	19	23
-27385.024232381424	0	0	23	30
-27385.0337818189	0	0	30	20
-27384.96180719267	0	0	20	31
-27384.530103611134	0	0	31	26
-27384.559128624263	0	0	26	32
-27384.73068948547	0	0	32	33
-27385.02804765286	0	0	33	34
-27384.9439419299	0	0	34	35
-27384.956267559766	0	0	35	36
-27385.110247190423	0	0	36	37
-27385.00855522499	0	0	37	34
-27385.19463307458	0	0	34	38
-27385.158059246107	0	0	38	39
-27385.140228008186	0	0	39	40
-27385.195905761495	0	0	40	41
-27385.078290431455	0	0	41	42
-27384.743325966178	0	0	42	41
-27384.92920957247	0	0	41	43
-27385.191618807083	0	0	43	44
-27385.318262328205	0	0	44	45
-27384.886426755205	0	0	45	38
-27385.073417932716	0	0	38	46
-27385.186088908617	0	0	46	38
-27384.96523942684	0	0	38	47
-27385.171701403247	0	0	47	48
-27384.76715908425	0	0	48	38
-27384.83331238922	0	0	38	49
-27385.05096981678	0	0	49	50
-27385.190652524867	0	0	50	51
-27384.895730295313	0	0	51	52
-27384.999070963375	0	0	52	53
-27384.923824224214	0	0	53	54
-27384.509463347524	0	0	54	55
-27384.432762964643	0	0	55	56
-27384.414514518445	0	0	56	57
-27384.21789849182	0	0	57	51
-27384.44406277902	0	0	51	58
-27384.352933793856	0	0	58	59
-27384.586330318467	0	0	59	52
-27384.466237267887	0	0	52	60
-27384.385723555723	0	0	60	61
-27384.562149645026	0	0	61	51
-27384.363945940473	0	0	51	62
-27383.857082147268	0	0	62	51
-27383.609734845668	0	0	51	63
-27383.89444102705	0	0	63	64
-27383.724282660183	0	0	64	65
-27383.96494832594	0	0	65	66
-27384.321089416815	0	0	66	67
-27384.265483061637	0	0	67	68
-27384.445903894375	0	0	68	69
-27384.466009272008	0	0	69	70
-27384.19945761597	0	0	70	71
-27383.91464354364	0	0	71	72
-27383.669055918825	0	0	72	67
-27383.394856449748	0	0	67	73
-27383.310756226027	0	0	73	74
-27383.554860450193	0	0	74	75
-27383.831413786087	0	0	75	67
-27383.86192474056	0	0	67	76
-27383.636685910333	0	0	76	69
-27383.792005578638	0	0	69	77
-27383.7347592046	0	0	77	78
-27383.508188567837	0	0	78	79
-27384.02611558723	0	0	79	80
-27384.089436229973	0	0	80	81
-27383.768397205924	0	0	81	82
-27383.794134614505	0	0	82	83
-27383.704286118904	0	0	83	84
-27383.928944758212	0	0	84	54
-27383.96071330249	0	0	54	85
-27384.147809690978	0	0	85	86
-27383.74573140181	0	0	86	87
-27383.81535024562	0	0	87	88
-27383.667948506627	0	0	88	67
-27383.76697605706	0	0	67	89
-27383.33380282721	0	0	89	84
-27383.383764892886	0	0	84	90
-27383.693614359618	0	0	90	91
-27383.713919736147	0	0	91	92
-27384.113632488177	0	0	92	93
-27384.096014483817	0	0	93	92
-27384.380758063126	0	0	92	94
-27383.924115380236	0	0	94	95
-27384.09195447692	0	0	95	96
-27384.520023985606	0	0	96	97
-27384.386059990986	0	0	97	98
-27384.353484959327	0	0	98	97
-27384.28903017919	0	0	97	99
-27384.05364425515	0	0	99	100
-27384.56898365842	0	0	100	101
-27384.21564497037	0	0	101	102
-27384.466288792177	0	0	102	103
-27384.490159560548	0	0	103	104
-27384.42436741363	0	0	104	105
-27384.721895812847	0	0	105	106
-27384.481886664304	0	0	106	107
-27384.863946422007	0	0	107	108
-27384.81177208802	0	0	108	109
-27384.856355440053	0	0	109	110
-27385.159745375946	0	0	110	111
-27385.051873574124	0	0	111	112
-27384.959030041027	0	0	112	113
-27385.164553442017	0	0	113	110
-27384.85029270772	0	0	110	108
-27384.659809653687	0	0	108	113
-27384.888093732137	0	0	113	114
-27384.743937870327	0	0	114	113
-27384.821171810883	0	0	113	110
-27384.49642489392	0	0	110	115
-27384.303675290794	0	0	115	116
-27384.480425319292	0	0	116	117
-27384.367999396643	0	0	117	118
-27384.50542827277	0	0	118	119
-27384.56441433124	0	0	119	120
-27384.283742206153	0	0	120	121
-27383.829168714983	0	0	121	122
-27383.83749851069	0	0	122	123
-27384.222804859288	0	0	123	124
-27384.480437117945	0	0	124	125
-27384.03791961056	0	0	125	126
-27384.202982251718	0	0	126	127
-27384.50794033038	0	0	127	128
-27384.396737187762	0	0	128	129
-27384.88650943061	0	0	129	130
-27384.901931459863	0	0	130	131
-27385.21758280341	0	0	131	132
-27384.941738775906	0	0	132	133
-27385.19489546514	0	0	133	134
-27385.04945466433	0	0	134	135
-27385.359084398333	0	0	135	128
-27385.036635180863	0	0	128	133
-27385.31365201936	0	0	133	128
-27385.0508421158	0	0	128	131
-27385.207009707286	0	0	131	136
-27385.33099947466	0	0	136	128
-27384.898010240482	0	0	128	137
-27384.319691156714	0	0	137	128
-27384.449459040654	0	0	128	138
-27384.50993849331	0	0	138	133
-27384.691718780792	0	0	133	139
-27384.55551356616	0	0	139	138
-27384.70144862415	0	0	138	128
-27384.7357235237	0	0	128	133
-27384.701524424912	0	0	133	140
-27384.376909758612	0	0	140	128
-27384.59036545348	0	0	128	141
-27384.741933576654	0	0	141	142
-27384.409956478565	0	0	142	131
-27384.626121653764	0	0	131	143
-27384.707096804268	0	0	143	128
-27384.433122424853	0	0	128	144
-27384.459484680992	0	0	144	128
-27384.419876108605	0	0	128	145
-27384.700203972454	0	0	145	146
-27384.575051516415	0	0	146	147
-27384.80081716548	0	0	147	128
-27384.77435745705	0	0	128	145
-27384.575917243063	0	0	145	131
-27384.80837531718	0	0	131	128
-27384.859369681333	0	0	128	148
-27384.7356968678	0	0	148	134
-27384.96880614196	0	0	134	128
-27384.93702116322	0	0	128	149
-27384.818849719104	0	0	149	128
-27384.704874408875	0	0	128	133
-27384.43904955198	0	0	133	150
-27384.74783314832	0	0	150	128
-27384.81763989201	0	0	128	151
-27384.794907346375	0	0	151	152
-27384.8350562915	0	0	152	128
-27384.668753483013	0	0	128	133
-27384.52037473902	0	0	133	153
-27384.519895958765	0	0	153	154
-27384.8248643485	0	0	154	155
-27384.52477134861	0	0	155	156
-27384.400069415024	0	0	156	155
-27384.2428794097	0	0	155	156
-27384.160986589035	0	0	156	157
-27383.84340480227	0	0	157	156
-27383.687914461538	0	0	156	158
-27383.938438953064	0	0	158	154
-27383.78180910639	0	0	154	159
-27383.911389170084	0	0	159	160
-27384.138006672438	0	0	160	156
-27383.80516374208	0	0	156	161
-27383.513207893917	0	0	161	162
-27384.00253201269	0	0	162	163
-27384.29246420897	0	0	163	164
-27384.25557266766	0	0	164	165
-27384.128802870557	0	0	165	166
-27383.98345831804	0	0	166	167
-27384.236718953365	0	0	167	168
-27384.022702805047	0	0	168	169
-27384.58482487699	0	0	169	170
-27384.56394030352	0	0	170	171
-27384.53432561886	0	0	171	167
-27384.639045835633	0	0	167	172
-27384.394850712695	0	0	172	173
-27384.231731334752	0	0	173	171
-27384.110099887523	0	0	171	174
-27384.34874581503	0	0	174	169
-27384.1409556308	0	0	169	172
-27384.090983597467	0	0	172	175
-27384.049334235704	0	0	175	176
-27384.43426984374	0	0	176	177
-27384.463916348803	0	0	177	178
-27384.580491145087	0	0	178	179
-27384.50648523905	0	0	179	180
-27384.748356355765	0	0	180	181
-27384.8693911219	0	0	181	182
-27384.976588307625	0	0	182	183
-27384.99690646892	0	0	183	184
-27385.10572396302	0	0	184	185
-27384.809052718043	0	0	185	183
-27384.85625237712	0	0	183	186
-27384.505533596486	0	0	186	184
-27384.173628734632	0	0	184	186
-27384.207479944387	0	0	186	184
-27383.9058960881	0	0	184	187
-27384.100525472804	0	0	187	184
-27384.329346947135	0	0	184	188
-27384.086108643354	0	0	188	189
-27384.142441776108	0	0	189	190
-27384.311909630236	0	0	190	191
-27384.134206627627	0	0	191	192
-27384.023195025038	0	0	192	193
-27384.15824111849	0	0	193	192
-27383.954810317133	0	0	192	194
-27383.75323446009	0	0	194	195
-27383.902488183543	0	0	195	196
-27384.25300510347	0	0	196	197
-27384.139182502273	0	0	197	198
-27384.11492820584	0	0	198	199
-27384.250006722024	0	0	199	200
-27384.34204773887	0	0	200	201
-27384.548203653176	0	0	201	202
-27384.62282859884	0	0	202	203
-27384.8907611215	0	0	203	204
-27384.859272953447	0	0	204	205
-27384.598796881204	0	0	205	206
-27384.97184331868	0	0	206	207
-27385.10197355073	0	0	207	208
-27385.242367758834	0	0	208	209
-27385.144703771188	0	0	209	210
-27385.088476868958	0	0	210	209
-27384.878265036798	0	0	209	211
-27385.209618226356	0	0	211	212
-27384.98135889556	0	0	212	213
-27385.131204174475	0	0	213	214
-27385.225354374936	0	0	214	215
-27385.439063167083	0	0	215	216
-27385.11045231588	0	0	216	212
-27385.01754412469	0	0	212	216
-27385.01366343853	0	0	216	217
-27385.111181968823	0	0	217	218
-27384.997433964287	0	0	218	219
-27384.754627353686	0	0	219	220
-27384.811085924288	0	0	220	221
-27384.702033460715	0	0	221	217
-27384.689342380843	0	0	217	222
-27384.63783374529	0	0	222	223
-27384.845511004747	0	0	223	224
-27385.088954021525	0	0	224	225
-27384.845465637107	0	0	225	226
-27384.67437479796	0	0	226	222
-27384.47918150499	0	0	222	227
-27384.717286149364	0	0	227	228
-27385.059942223328	0	0	228	229
-27384.981093022267	0	0	229	223
-27384.77375562679	0	0	223	224
-27384.772258030458	0	0	224	219
-27384.38873135457	0	0	219	230
-27384.382205581995	0	0	230	231
-27384.01485024766	0	0	231	232
-27383.894698562144	0	0	232	233
-27384.074832691258	0	0	233	234
-27384.24503241095	0	0	234	235
-27384.511643758073	0	0	235	236
-27384.61147222753	0	0	236	237
-27384.1372796176	0	0	237	236
-27384.276280983733	0	0	236	238
-27384.092752119846	0	0	238	239
-27384.324466915317	0	0	239	240
-27384.400444421466	0	0	240	241
-27384.518582726792	0	0	241	242
-27384.54839574284	0	0	242	243
-27384.656602036303	0	0	243	240
-27384.39726078805	0	0	240	244
-27384.230910316594	0	0	244	241
-27384.32974927676	0	0	241	245
-27383.960841341104	0	0	245	246
-27383.58627050543	0	0	246	241
-27383.605198784346	0	0	241	247
-27383.831659367657	0	0	247	231
-27383.493943586236	0	0	231	241
-27383.29559292321	0	0	241	240
-27382.881285475123	0	0	240	248
-27382.556487041467	0	0	248	249
-27382.749890617717	0	0	249	250
-27382.797808890537	0	0	250	251
-27382.839453042972	0	0	251	241
-27382.768054182685	0	0	241	252
-27382.42813795602	0	0	252	253
-27382.944257532123	0	0	253	254
-27382.50702759133	0	0	254	255
-27382.22401809567	0	0	255	245
-27382.31151395866	0	0	245	256
-27382.145669967056	0	0	256	240
-27382.841842758786	0	0	240	257
-27382.319164406083	0	0	257	258
-27383.06483306698	0	0	258	259
-27382.70652960181	0	0	259	260
-27382.95529537171	0	0	260	261
-27383.040342552224	0	0	261	262
-27382.784376366995	0	0	262	263
-27383.234707810534	0	0	263	264
-27382.976710127783	0	0	264	241
-27383.172733708627	0	0	241	265
-27383.14663167274	0	0	265	241
-27382.31811696209	0	0	241	232
-27382.696415880557	0	0	232	266
-27382.53766540454	0	0	266	267
-27382.434421367572	0	0	267	268
-27382.746863594868	0	0	268	269
-27383.00773898512	0	0	269	270
-27382.998112963047	0	0	270	271
-27382.750936673776	0	0	271	272
-27382.631255839893	0	0	272	254
-27383.148406826844	0	0	254	241
-27382.735901941203	0	0	241	273
-27382.671936234437	0	0	273	274
-27383.206329059998	0	0	274	275
-27382.922313185794	0	0	275	276
-27383.109986394007	0	0	276	277
-27382.833109710387	0	0	277	278
-27383.259209112606	0	0	278	279
-27383.213971276047	0	0	279	280
-27383.2190794548	0	0	280	281
-27383.609631454623	0	0	281	282
-27383.7309617426	0	0	282	283
-27384.074456312366	0	0	283	284
-27383.559480270236	0	0	284	272
-27383.73309503785	0	0	272	246
-27383.906512261492	0	0	246	285
-27384.065690710107	0	0	285	286
-27383.691310182236	0	0	286	287
-27383.545712722233	0	0	287	288
-27383.708468343506	0	0	288	289
-27383.46671056927	0	0	289	290
-27383.55826889036	0	0	290	291
-27383.452785337035	0	0	291	292
-27383.526557685793	0	0	292	293
-27383.422739370362	0	0	293	294
-27383.731374224633	0	0	294	295
-27384.008117970377	0	0	295	296
-27383.921759202123	0	0	296	297
-27384.18074484988	0	0	297	298
-27383.935241256295	0	0	298	299
-27384.116440790996	0	0	299	300
-27384.21102987342	0	0	300	216
-27384.116086039397	0	0	216	301
-27383.973117657806	0	0	301	302
-27384.273978407335	0	0	302	303
-27384.018645091324	0	0	303	302
-27384.32391877397	0	0	302	304
-27383.916906009843	0	0	304	305
-27383.656000299776	0	0	305	306
-27383.283929652076	0	0	306	304
-27383.05979465728	0	0	304	307
-27383.45312139641	0	0	307	308
-27383.365017161886	0	0	308	309
-27383.841801825994	0	0	309	310
-27383.89027116239	0	0	310	311
-27383.953689359587	0	0	311	312
-27384.1003741725	0	0	312	313
-27383.994602129438	0	0	313	314
-27384.213774066953	0	0	314	315
-27383.99211693588	0	0	315	316
-27384.30764385416	0	0	316	317
-27384.392911560615	0	0	317	318
-27384.207017916306	0	0	318	319
-27384.13702478806	0	0	319	320
-27384.10150022338	0	0	320	321
-27384.202091990708	0	0	321	322
-27384.08654788541	0	0	322	323
-27384.105717578976	0	0	323	324
-27383.720513180302	0	0	324	325
-27384.21780969754	0	0	325	326
-27384.49148689332	0	0	326	327
-27384.630457430758	0	0	327	242
-27384.737432296373	0	0	242	328
-27384.703283341063	0	0	328	329
-27385.1769199236	0	0	329	330
-27385.08721125232	0	0	330	331
-27384.93209218934	0	0	331	332
-27385.106654538475	0	0	332	333
-27384.972580844646	0	0	333	334
-27384.841189257077	0	0	334	335
-27384.878811134786	0	0	335	332
-27384.597915044433	0	0	332	336
-27384.44557710253	0	0	336	337
-27384.473142442293	0	0	337	332
-27384.344036605205	0	0	332	338
-27384.232467858776	0	0	338	18
-27383.921850835733	0	0	18	339
-27383.955765719023	0	0	339	336
-27383.77861983789	0	0	336	340
-27383.78667936412	0	0	340	341
-27383.56643060676	0	0	341	342
-27383.491307806078	0	0	342	343
-27383.807438936994	0	0	343	344
-27383.420781097302	0	0	344	345
-27383.43703772039	0	0	345	346
-27383.293105095854	0	0	346	347
-27383.85383964483	0	0	347	348
-27383.61819560414	0	0	348	349
-27384.098310203786	0	0	349	350
-27383.933344650155	0	0	350	351
-27383.83304357018	0	0	351	352
-27383.953967928683	0	0	352	353
-27384.06378378008	0	0	353	339
-27383.950397535817	0	0	339	354
-27383.693535141927	0	0	354	29
-27383.341900739077	0	0	29	209
-27383.405381914337	0	0	209	355
-27383.67047988435	0	0	355	356
-27383.431986664014	0	0	356	357
-27383.86325870904	0	0	357	358
-27383.168122657407	0	0	358	359
-27382.84513480142	0	0	359	360
-27382.805317693223	0	0	360	361
-27383.342466712682	0	0	361	362
-27383.271374578693	0	0	362	363
-27383.366453919938	0	0	363	364
-27383.022525984125	0	0	364	365
-27383.339155405076	0	0	365	366
-27383.136559110273	0	0	366	277
-27382.790908242474	0	0	277	367
-27382.80217467815	0	0	367	368
-27383.07952291096	0	0	368	369
-27383.060482611116	0	0	369	370
-27382.809165804418	0	0	370	371
-27382.623640031074	0	0	371	372
-27383.233966069747	0	0	372	373
-27383.187271980947	0	0	373	374
-27382.89195321266	0	0	374	375
-27383.408054540087	0	0	375	376
-27383.364982270192	0	0	376	377
-27383.488703033603	0	0	377	378
-27383.429428980024	0	0	378	379
-27383.860249858873	0	0	379	380
-27383.620420037038	0	0	380	352
-27383.93482808702	0	0	352	381
-27383.343311386605	0	0	381	382
-27383.37031226146	0	0	382	383
-27383.63618002768	0	0	383	384
-27383.387101651715	0	0	384	385
-27383.545975378045	0	0	385	386
-27383.40809263513	0	0	386	387
-27383.538624847915	0	0	387	388
-27383.62452655234	0	0	388	389
-27383.689946295235	0	0	389	380
-27383.674056171756	0	0	380	390
-27383.23559177664	0	0	390	391
-27383.627209847204	0	0	391	392
-27383.219200038115	0	0	392	393
-27383.629153283444	0	0	393	394
-27383.98938525572	0	0	394	386
-27383.475575474047	0	0	386	390
-27383.564970478452	0	0	390	395
-27383.554674966617	0	0	395	371
-27382.74029577217	0	0	371	396
-27383.013344418905	0	0	396	397
-27382.883941695265	0	0	397	398
-27382.199226648565	0	0	398	399
-27382.33335128948	0	0	399	400
-27382.819282632852	0	0	400	401
-27382.405792789737	0	0	401	402
-27382.620864786335	0	0	402	403
-27383.21484816759	0	0	403	219
-27383.25624360548	0	0	219	404
-27382.803252453978	0	0	404	405
-27382.53601582718	0	0	405	406
-27383.270083614112	0	0	406	407
-27383.23347528003	0	0	407	408
-27383.087206541895	0	0	408	409
-27383.25727183628	0	0	409	410
-27383.524457488078	0	0	410	411
-27383.787037533242	0	0	411	412
-27383.327824428485	0	0	412	246
-27383.39050695266	0	0	246	299
-27383.103707199814	0	0	299	413
-27382.63237348789	0	0	413	414
-27383.00958463986	0	0	414	415
-27382.96228197005	0	0	415	416
-27382.66499810965	0	0	416	417
-27382.91035814539	0	0	417	418
-27382.921681765467	0	0	418	419
-27382.74047469894	0	0	419	420
-27382.99254045196	0	0	420	421
-27383.300132627963	0	0	421	422
-27383.452229906557	0	0	422	423
-27383.171023667906	0	0	423	409
-27382.846659115436	0	0	409	424
-27383.30123875681	0	0	424	425
-27383.412615815767	0	0	425	277
-27383.609596497216	0	0	277	426
-27383.56663655263	0	0	426	427
-27383.355528807842	0	0	427	428
-27383.62109823374	0	0	428	429
-27384.196039711627	0	0	429	328
-27383.99303242728	0	0	328	430
-27383.57913424295	0	0	430	431
-27383.720822991185	0	0	431	432
-27383.81838814846	0	0	432	433
-27383.720816399742	0	0	433	434
-27383.870525040835	0	0	434	435
-27383.909421186003	0	0	435	436
-27383.42918210885	0	0	436	437
-27383.780092403576	0	0	437	438
-27384.211255227543	0	0	438	439
-27383.966519782116	0	0	439	417
-27383.770057747657	0	0	417	440
-27384.048740981358	0	0	440	441
-27384.26539082075	0	0	441	442
-27383.99274341519	0	0	442	443
-27384.774738765074	0	0	443	444
-27384.939848653783	0	0	444	445
-27384.865753018363	0	0	445	446
-27385.015657528005	0	0	446	445
-27384.67575622835	0	0	445	447
-27384.796536843598	0	0	447	448
-27385.040510157505	0	0	448	449
-27385.26530584487	0	0	449	450
-27385.083330162823	0	0	450	451
-27385.196311446012	0	0	451	452
-27385.580776542003	0	0	452	453
-27385.46733280403	0	0	453	454
-27385.569464070777	0	0	454	453
-27385.30523444363	0	0	453	454
-27385.18452889011	0	0	454	455
-27385.192517949934	0	0	455	456
-27385.249104886185	0	0	456	457
-27385.074633989956	0	0	457	458
-27385.192095723432	0	0	458	455
-27384.89492465897	0	0	455	456
-27384.935207503782	0	0	456	457
-27384.59948857097	0	0	457	456
-27384.52936124021	0	0	456	455
-27384.476740358677	0	0	455	459
-27384.079127213015	0	0	459	460
-27384.34437199465	0	0	460	457
-27384.36326522926	0	0	457	461
-27384.028154548658	0	0	461	462
-27384.56233773939	0	0	462	463
-27384.604958875287	0	0	463	457
-27384.520424850074	0	0	457	454
-27384.492516795606	0	0	454	464
-27384.7989758468	0	0	464	465
-27384.67841953939	0	0	465	456
-27384.70260389118	0	0	456	466
-27384.540312475096	0	0	466	467
-27384.49282711149	0	0	467	456
-27384.575413726638	0	0	456	468
-27384.447174961202	0	0	468	469
-27384.678482817344	0	0	469	470
-27384.430023247845	0	0	470	471
-27384.695417553703	0	0	471	472
-27384.95413241412	0	0	472	473
-27385.01077311625	0	0	473	474
-27385.084912726936	0	0	474	475
-27385.09030252316	0	0	475	476
-27385.213466374666	0	0	476	477
-27385.001446940772	0	0	477	478
-27385.22937201859	0	0	478	479
-27385.135092788587	0	0	479	48
-27385.202447754815	0	0	48	479
-27385.013040245838	0	0	479	47
-27385.040886809536	0	0	47	480
-27384.994036853343	0	0	480	44
-27384.841532541446	0	0	44	43
-27384.51846580762	0	0	43	41
-27384.467399635687	0	0	41	38
-27383.987183908986	0	0	38	481
-27384.606038704944	0	0	481	482
-27384.647059090275	0	0	482	41
-27384.655472481336	0	0	41	483
-27384.50641802414	0	0	483	49
-27384.12682347031	0	0	49	41
-27384.313402976593	0	0	41	484
-27384.532912853254	0	0	484	48
-27384.069400984623	0	0	48	485
-27384.554152978202	0	0	485	486
-27384.35659754936	0	0	486	487
-27384.324925922476	0	0	487	485
-27384.139104487065	0	0	485	488
-27383.683234813197	0	0	488	489
-27383.693007653274	0	0	489	490
-27383.09979318342	0	0	490	491
-27383.088549459477	0	0	491	487
-27383.228654570234	0	0	487	492
-27382.71202089492	0	0	492	493
-27383.44913468075	0	0	493	494
-27383.441181898277	0	0	494	495
-27383.739424593234	0	0	495	496
-27383.9513153179	0	0	496	497
-27384.039160238986	0	0	497	498
-27383.869577916033	0	0	498	497
-27383.868108484367	0	0	497	499
-27383.731678344542	0	0	499	500
-27384.07214530998	0	0	500	501
-27383.892044734737	0	0	501	502
-27383.79841260183	0	0	502	503
-27383.87175153003	0	0	503	504
-27383.85831314756	0	0	504	505
-27384.23420908038	0	0	505	506
-27384.577866687654	0	0	506	505
-27384.289011673507	0	0	505	507
-27384.457710378418	0	0	507	508
-27384.67677618104	0	0	508	509
-27384.602142937703	0	0	509	510
-27384.788130822883	0	0	510	511
-27385.06552939516	0	0	511	512
-27384.981441511383	0	0	512	513
-27385.2116986247	0	0	513	514
-27384.950626354585	0	0	514	515
-27384.947415211955	0	0	515	516
-27384.958033998584	0	0	516	511
-27384.917935266385	0	0	511	517
-27384.813889947975	0	0	517	518
-27384.700856626616	0	0	518	519
-27384.395221068153	0	0	519	520
-27384.51549693574	0	0	520	521
-27384.51483073392	0	0	521	522
-27384.7324288751	0	0	522	523
-27384.933416294072	0	0	523	524
-27384.666823886022	0	0	524	525
-27384.64782705032	0	0	525	526
-27384.570675359475	0	0	526	527
-27384.69425208345	0	0	527	528
-27384.76618915541	0	0	528	529
-27384.67964448085	0	0	529	526
-27384.41090963468	0	0	526	530
-27384.466511758044	0	0	530	531
-27384.02931438936	0	0	531	532
-27384.348726312728	0	0	532	533
-27384.459925326184	0	0	533	534
-27384.40940614301	0	0	534	535
-27384.62203911446	0	0	535	536
-27384.886486439274	0	0	536	537
-27385.034485579075	0	0	537	512
-27384.94505870173	0	0	512	534
-27384.695042932348	0	0	534	538
-27384.840793106567	0	0	538	539
-27384.992664599813	0	0	539	540
-27385.152903269372	0	0	540	541
-27385.21252553937	0	0	541	542
-27385.198928292753	0	0	542	540
-27385.162742582448	0	0	540	543
-27384.893222256236	0	0	543	540
-27384.879793260538	0	0	540	544
-27385.007679332914	0	0	544	545
-27384.95174624055	0	0	545	546
-27385.36290167764	0	0	546	547
-27385.09025368197	0	0	547	540
-27385.094756734157	0	0	540	548
-27385.089525586118	0	0	548	549
-27385.005276876786	0	0	549	550
-27385.42110561279	0	0	550	551
-27385.36396053266	0	0	551	552
-27385.407336375738	0	0	552	553
-27385.274901690267	0	0	553	554
-27385.23056388904	0	0	554	555
-27385.35720572884	0	0	555	556
-27385.34192555961	0	0	556	557
-27385.292125387947	0	0	557	556
-27384.75520016416	0	0	556	558
-27384.78768013043	0	0	558	553
-27384.796701117128	0	0	553	556
-27384.434735382503	0	0	556	555
-27384.365386204394	0	0	555	559
-27384.671417227633	0	0	559	560
-27384.704588106906	0	0	560	561
-27384.916151776837	0	0	561	562
-27384.642919248065	0	0	562	563
-27384.96290537049	0	0	563	564
-27385.08334465055	0	0	564	565
-27385.038137544587	0	0	565	563
-27385.138366478073	0	0	563	566
-27385.04617361491	0	0	566	567
-27385.29189361545	0	0	567	562
-27384.98920331397	0	0	562	568
-27384.883459766388	0	0	568	567
-27384.935419807472	0	0	567	569
-27385.034189105347	0	0	569	570
-27384.787470249783	0	0	570	571
-27384.56163013215	0	0	571	572
-27384.782381225792	0	0	572	573
-27384.857036811725	0	0	573	574
-27385.158593235807	0	0	574	575
-27385.35756094342	0	0	575	574
-27385.107498008292	0	0	574	576
-27385.219791720232	0	0	576	577
-27385.263451384242	0	0	577	576
-27384.807319234453	0	0	576	578
-27385.1122028513	0	0	578	576
-27384.891979133947	0	0	576	579
-27384.962672132016	0	0	579	580
-27385.05462155329	0	0	580	581
-27385.290941675616	0	0	581	582
-27385.41908688857	0	0	582	583
-27385.377679652116	0	0	583	584
-27385.64300400443	0	0	584	585
-27385.609156829218	0	0	585	371
-27385.49825610793	0	0	371	585
-27385.508820685987	0	0	585	371
-27385.403728292276	0	0	371	259
-27385.14320482156	0	0	259	585
-27385.284740104595	0	0	585	586
-27385.19817073294	0	0	586	587
-27385.14409595676	0	0	587	367
-27384.882837216996	0	0	367	585
-27385.003869032844	0	0	585	249
-27384.884754287254	0	0	249	584
-27384.683065395566	0	0	584	588
-27384.89509911793	0	0	588	582
-27384.56718917049	0	0	582	249
-27384.36993335199	0	0	249	585
-27384.12427906207	0	0	585	589
-27384.43516713799	0	0	589	585
-27384.257677540427	0	0	585	590
-27384.644927831505	0	0	590	591
-27384.651355867027	0	0	591	590
-27384.373857605522	0	0	590	241
-27384.07280691889	0	0	241	592
-27384.310596041185	0	0	592	593
-27384.51954631063	0	0	593	240
-27384.226668034295	0	0	240	590
-27384.30358459749	0	0	590	594
-27383.913996725627	0	0	594	595
-27384.253029206986	0	0	595	596
-27384.45802984217	0	0	596	597
-27384.352206308467	0	0	597	598
-27384.20089643605	0	0	598	587
-27383.830420105838	0	0	587	594
-27383.894846469728	0	0	594	599
-27384.1609079829	0	0	599	231
-27383.655241358454	0	0	231	600
-27383.68328469579	0	0	600	601
-27383.56126861635	0	0	601	365
-27383.231045808585	0	0	365	602
-27383.60230404626	0	0	602	603
-27383.764065906056	0	0	603	604
-27383.151957980983	0	0	604	605
-27383.060841410195	0	0	605	606
-27383.38264845567	0	0	606	607
-27383.59382467727	0	0	607	608
-27383.528940455868	0	0	608	609
-27382.777876376058	0	0	609	610
-27383.388243963072	0	0	610	611
-27383.536350421993	0	0	611	612
-27383.346977020476	0	0	612	613
-27383.293101670926	0	0	613	614
-27383.099237945375	0	0	614	615
-27383.352410766463	0	0	615	616
-27383.279889158857	0	0	616	617
-27383.446885584486	0	0	617	618
-27383.131075159617	0	0	618	619
-27383.297067037565	0	0	619	620
-27383.29774479071	0	0	620	621
-27383.465726681337	0	0	621	622
-27383.3772932667	0	0	622	623
-27383.335167337726	0	0	623	624
-27383.31187661942	0	0	624	620
-27383.102387399053	0	0	620	625
-27383.337474989938	0	0	625	619
-27382.78225651337	0	0	619	626
-27383.171618091546	0	0	626	627
-27383.11675252272	0	0	627	628
-27383.33987923345	0	0	628	629
-27383.344889385924	0	0	629	630
-27383.319493438845	0	0	630	378
-27383.06161675862	0	0	378	631
-27382.96657757206	0	0	631	366
-27382.65524242499	0	0	366	632
-27383.414246327553	0	0	632	633
-27382.94928415538	0	0	633	366
-27383.09467416063	0	0	366	634
-27383.16256013955	0	0	634	635
-27383.49911385735	0	0	635	636
-27383.436925535472	0	0	636	637
-27384.056530004687	0	0	637	638
-27383.94134924229	0	0	638	247
-27383.794699261616	0	0	247	637
-27383.99097764884	0	0	637	639
-27383.77510035592	0	0	639	220
-27383.67497011932	0	0	220	231
-27383.439048149765	0	0	231	640
-27382.944177358168	0	0	640	641
-27383.199501279523	0	0	641	418
-27382.895340612944	0	0	418	642
-27383.24440773519	0	0	642	422
-27383.45254134303	0	0	422	643
-27383.325623872806	0	0	643	644
-27383.21773496839	0	0	644	280
-27382.926540092463	0	0	280	231
-27382.71569520843	0	0	231	645
-27382.649892120244	0	0	645	280
-27382.979523984326	0	0	280	646
-27383.37216143466	0	0	646	647
-27383.49485612128	0	0	647	648
-27383.52578939119	0	0	648	231
-27383.380528855225	0	0	231	649
-27383.57666108677	0	0	649	650
-27383.916113615334	0	0	650	651
-27383.932770982712	0	0	651	652
-27384.22546012539	0	0	652	595
-27383.803764797358	0	0	595	653
-27383.505362962856	0	0	653	280
-27383.31179501354	0	0	280	244
-27383.46852682794	0	0	244	334
-27382.926494492378	0	0	334	231
-27382.77989822007	0	0	231	654
-27382.790086144683	0	0	654	374
-27382.427405614217	0	0	374	231
-27382.42276248667	0	0	231	332
-27381.59906268849	0	0	332	655
-27382.493221605866	0	0	655	656
-27382.421000168135	0	0	656	23
-27382.82452835993	0	0	23	657
-27382.716985215902	0	0	657	658
-27383.140359032674	0	0	658	659
-27382.984277324926	0	0	659	660
-27382.799912015118	0	0	660	661
-27382.61796921905	0	0	661	30
-27382.28185422213	0	0	30	270
-27382.279570478102	0	0	270	219
-27382.288784337554	0	0	219	662
-27382.074752955785	0	0	662	213
-27382.018955535383	0	0	213	663
-27382.327793879995	0	0	663	664
-27382.37330287527	0	0	664	665
-27382.531058494496	0	0	665	666
-27382.539121820962	0	0	666	667
-27382.855666474272	0	0	667	266
-27382.15873020361	0	0	266	668
-27382.67238622729	0	0	668	669
-27382.590290700005	0	0	669	670
-27383.08186883737	0	0	670	671
-27382.52863692292	0	0	671	219
-27382.921303499214	0	0	219	672
-27382.9019236993	0	0	672	673
-27382.514505719726	0	0	673	674
-27383.154638455355	0	0	674	675
-27383.053709721033	0	0	675	676
-27383.092278753036	0	0	676	677
-27383.49942928891	0	0	677	678
-27383.708966653525	0	0	678	679
-27384.170763499224	0	0	679	680
-27384.12711712496	0	0	680	309
-27383.688227927414	0	0	309	681
-27383.935206034865	0	0	681	186
-27383.62266076892	0	0	186	682
-27383.84621532236	0	0	682	683
-27383.945783468807	0	0	683	165
-27383.276012345847	0	0	165	683
-27383.09981616655	0	0	683	676
-27383.52201451265	0	0	676	684
-27383.39071706067	0	0	684	683
-27383.56720735509	0	0	683	685
-27383.454321878584	0	0	685	686
-27383.625358708116	0	0	686	676
-27382.93105987917	0	0	676	687
-27383.782865288915	0	0	687	688
-27383.467933027157	0	0	688	689
-27384.05221145313	0	0	689	690
-27384.038240834725	0	0	690	689
-27383.635399004925	0	0	689	690
-27383.22044059253	0	0	690	689
-27383.305724831436	0	0	689	691
-27383.510063592992	0	0	691	692
-27383.818092254707	0	0	692	693
-27383.574098909372	0	0	693	690
-27383.56675539122	0	0	690	694
-27383.51360565793	0	0	694	695
-27383.248981860466	0	0	695	696
-27383.42913649574	0	0	696	697
-27383.45938575251	0	0	697	690
-27383.38227846176	0	0	690	698
-27383.491812621593	0	0	698	699
-27383.095056132624	0	0	699	700
-27383.68453772989	0	0	700	701
-27383.882574713447	0	0	701	702
-27384.000641845647	0	0	702	703
-27384.05029336662	0	0	703	704
-27384.395271132635	0	0	704	705
-27384.317658720032	0	0	705	706
-27384.71395878525	0	0	706	707
-27384.429380028967	0	0	707	708
-27384.81098014443	0	0	708	709
-27384.702755605234	0	0	709	710
-27384.812626738032	0	0	710	711
-27384.815857134778	0	0	711	712
-27384.78740602632	0	0	712	713
-27384.948525419815	0	0	713	714
-27385.06275646737	0	0	714	715
-27384.73117400073	0	0	715	713
-27384.73180907438	0	0	713	716
-27384.848331718007	0	0	716	717
-27385.019665826236	0	0	717	718
-27384.741888909306	0	0	718	719
-27384.88683433069	0	0	719	720
-27384.856261438705	0	0	720	719
-27384.86609066488	0	0	719	721
-27385.14876103758	0	0	721	722
-27385.283266210736	0	0	722	723
-27385.238215284186	0	0	723	724
-27385.249979512686	0	0	724	725
-27385.405958040636	0	0	725	726
-27385.450694981526	0	0	726	727
-27385.587071499616	0	0	727	728
-27385.68474798614	0	0	728	729
-27385.760614369425	0	0	729	730
-27385.85494867534	0	0	730	731
-27385.844339154875	0	0	731	732
-27385.913638943377	0	0	732	733
-27385.94379749085	0	0	733	734
-27386.115066968305	0	0	734	735
-27385.834812495475	0	0	735	736
-27385.963103846378	0	0	736	733
-27385.805953375464	0	0	733	734
-27385.790154675786	0	0	734	737
-27385.839312769785	0	0	737	738
-27385.91932523656	0	0	738	739
-27386.031917494965	0	0	739	740
-27386.028717449564	0	0	740	741
-27386.074213334803	0	0	741	742
-27385.97882048136	0	0	742	741
-27385.92912238583	0	0	741	742
-27385.95217810632	0	0	742	743
-27385.76658182208	0	0	743	741
-27385.71615647452	0	0	741	744
-27385.58649894758	0	0	744	742
-27385.46758505195	0	0	742	744
-27385.432091255563	0	0	744	742
-27385.158472760322	0	0	742	744
-27385.128130306563	0	0	744	745
-27385.28867262321	0	0	745	746
-27385.271740107055	0	0	746	745
-27385.2140156456	0	0	745	747
-27385.563855341818	0	0	747	748
-27385.450335588866	0	0	748	749
-27385.30590537808	0	0	749	750
-27385.354463064352	0	0	750	751
-27384.698813464413	0	0	751	752
-27384.8822325272	0	0	752	753
-27384.93753733406	0	0	753	754
-27384.95078503296	0	0	754	755
-27384.94769181132	0	0	755	754
-27385.135922541747	0	0	754	756
-27384.85169998536	0	0	756	755
-27384.76904208007	0	0	755	757
-27385.055302173714	0	0	757	758
-27384.602760943308	0	0	758	754
-27384.71018654915	0	0	754	759
-27384.653863315143	0	0	759	760
-27384.81245925344	0	0	760	755
-27384.59184099843	0	0	755	761
-27384.69281186315	0	0	761	762
-27384.878823520463	0	0	762	763
-27384.944634395673	0	0	763	758
-27384.684418454373	0	0	758	764
-27385.024022758033	0	0	764	765
-27385.02272686249	0	0	765	766
-27384.35226373372	0	0	766	767
-27384.585119456857	0	0	767	768
-27384.69870307117	0	0	768	769
-27384.861315168007	0	0	769	770
-27384.686965395565	0	0	770	771
-27384.775701865456	0	0	771	772
-27384.94013363419	0	0	772	773
-27384.8705865823	0	0	773	774
-27384.96396033215	0	0	774	775
-27385.12699553915	0	0	775	776
-27385.280355678035	0	0	776	777
-27385.20870470616	0	0	777	778
-27384.97798893993	0	0	778	779
-27385.001146919847	0	0	779	777
-27384.898210857722	0	0	777	780
-27384.76608256203	0	0	780	777
-27384.533962746184	0	0	777	631
-27384.48925929978	0	0	631	781
-27384.363906698924	0	0	781	776
-27384.416264595267	0	0	776	782
-27384.387094150632	0	0	782	783
-27384.179774068136	0	0	783	784
-27383.94189073035	0	0	784	778
-27384.02306659981	0	0	778	137
-27383.890683119982	0	0	137	785
-27384.159179342663	0	0	785	786
-27384.031395394857	0	0	786	787
-27384.142010715466	0	0	787	788
-27384.397823886662	0	0	788	789
-27384.59596801843	0	0	789	790
-27384.88659391289	0	0	790	777
-27384.591039289036	0	0	777	791
-27384.795984592674	0	0	791	792
-27384.90132762687	0	0	792	793
-27384.708280835905	0	0	793	794
-27384.530427518403	0	0	794	795
-27384.357688285058	0	0	795	796
-27384.252275390634	0	0	796	797
-27384.348773840768	0	0	797	798
-27384.33543311282	0	0	798	799
-27383.913609798175	0	0	799	798
-27384.03027110105	0	0	798	800
-27383.670508427473	0	0	800	801
-27383.89983523493	0	0	801	802
-27383.635358343592	0	0	802	801
-27383.45528457277	0	0	801	803
-27383.233654699063	0	0	803	804
-27383.64561193933	0	0	804	805
-27383.95677180855	0	0	805	806
-27384.224403254993	0	0	806	807
-27383.957767476517	0	0	807	808
-27384.25153040777	0	0	808	809
-27384.046468819073	0	0	809	810
-27384.19093433691	0	0	810	811
-27384.19382622736	0	0	811	804
-27384.295246588597	0	0	804	809
-27383.786099620018	0	0	809	812
-27384.0125258399	0	0	812	813
-27383.956926924056	0	0	813	814
-27384.122033004758	0	0	814	815
-27384.359600670512	0	0	815	816
-27384.103324432563	0	0	816	817
-27384.14532423012	0	0	817	818
-27383.863025944098	0	0	818	819
-27384.387765191183	0	0	819	820
-27384.265377830096	0	0	820	821
-27384.402310429374	0	0	821	822
-27384.69677788194	0	0	822	823
-27384.80695251355	0	0	823	824
-27384.5180560557	0	0	824	825
-27384.37243586994	0	0	825	826
-27384.49914331053	0	0	826	827
-27383.98516798237	0	0	827	828
-27384.16111494771	0	0	828	829
-27384.257001454193	0	0	829	828
-27384.36695799435	0	0	828	830
-27384.37715665744	0	0	830	828
-27384.26382402195	0	0	828	831
-27384.38001707899	0	0	831	832
-27384.014061188827	0	0	832	828
-27383.94893919062	0	0	828	833
-27384.167092959025	0	0	833	834
-27384.313473743932	0	0	834	835
-27384.66683306042	0	0	835	544
-27384.157357171694	0	0	544	828
-27384.359181466145	0	0	828	836
-27384.45114776232	0	0	836	837
-27384.561638863146	0	0	837	838
-27384.289878008898	0	0	838	805
-27384.477321889783	0	0	805	837
-27384.37914120049	0	0	837	839
-27384.261879815334	0	0	839	837
-27384.159015806057	0	0	837	840
-27384.516252917732	0	0	840	841
-27384.299803722384	0	0	841	842
-27384.365804725407	0	0	842	843
-27384.23297399898	0	0	843	844
-27384.407236266103	0	0	844	845
-27384.5188533783	0	0	845	846
-27384.254196665952	0	0	846	847
-27384.24489293809	0	0	847	848
-27384.559195569112	0	0	848	849
-27384.61110739477	0	0	849	850
-27384.533118136285	0	0	850	851
-27384.713337635796	0	0	851	852
-27385.036896914462	0	0	852	853
-27385.283574965637	0	0	853	854
-27385.145742482044	0	0	854	137
-27385.12773604494	0	0	137	854
-27384.91402371588	0	0	854	855
-27384.86750281167	0	0	855	856
-27385.083304257474	0	0	856	857
-27385.290201340835	0	0	857	858
-27385.116139302234	0	0	858	859
-27385.214120319746	0	0	859	860
-27384.992891815527	0	0	860	861
-27385.18800020793	0	0	861	862
-27385.11600958146	0	0	862	863
-27385.03491032956	0	0	863	864
-27385.278906673506	0	0	864	865
-27385.2690450299	0	0	865	866
-27384.986498103393	0	0	866	865
-27384.94453604521	0	0	865	867
-27384.739811772328	0	0	867	868
-27384.52935852099	0	0	868	865
-27384.71409682362	0	0	865	869
-27384.87144228472	0	0	869	870
-27384.991691588897	0	0	870	867
-27384.69310598662	0	0	867	870
-27384.946385122417	0	0	870	871
-27384.94829619715	0	0	871	872
-27384.932487267324	0	0	872	870
-27384.73300334831	0	0	870	873
-27384.84934900894	0	0	873	874
-27384.971307709406	0	0	874	875
-27385.132615206967	0	0	875	876
-27385.057867102856	0	0	876	877
-27385.238160108227	0	0	877	878
-27385.44803699925	0	0	878	879
-27385.30177972749	0	0	879	880
-27385.526633580568	0	0	880	881
-27385.523599177694	0	0	881	878
-27385.42984701487	0	0	878	882
-27385.56493357072	0	0	882	883
-27385.790668044134	0	0	883	884
-27385.63870466283	0	0	884	885
-27385.852991625063	0	0	885	886
-27385.7520477276	0	0	886	887
-27385.81578198348	0	0	887	888
-27385.951925639987	0	0	888	889
-27385.769882879482	0	0	889	888
-27385.77437114176	0	0	888	890
-27385.885490032524	0	0	890	891
-27385.803367341818	0	0	891	892
-27386.026072513196	0	0	892	893
-27386.100187102056	0	0	893	894
-27386.069940647376	0	0	894	895
-27386.23577929088	0	0	895	896
-27386.136079492284	0	0	896	897
-27386.120875325032	0	0	897	896
-27385.6735445271	0	0	896	897
-27385.6293264981	0	0	897	894
-27385.59165168959	0	0	894	896
-27385.30585515692	0	0	896	898
-27385.414153337166	0	0	898	899
-27385.41983675977	0	0	899	900
-27385.48545710797	0	0	900	901
-27385.620755835203	0	0	901	889
-27385.448291343764	0	0	889	900
-27385.29353922437	0	0	900	902
-27385.11601860408	0	0	902	900
-27384.863322859943	0	0	900	903
-27384.956519174855	0	0	903	904
-27384.998483174335	0	0	904	905
-27384.98376205123	0	0	905	906
-27384.742863401912	0	0	906	904
-27384.769361134953	0	0	904	907
-27384.70060725825	0	0	907	904
-27384.666489900617	0	0	904	908
-27384.616217194023	0	0	908	909
-27384.62487826452	0	0	909	906
-27384.47046374451	0	0	906	910
-27384.396612296943	0	0	910	904
-27384.35693517121	0	0	904	911
-27383.895463755627	0	0	911	904
-27383.94344595499	0	0	904	912
-27383.95193442311	0	0	912	905
-27383.744858190315	0	0	905	913
-27383.939014033363	0	0	913	914
-27383.971339745112	0	0	914	915
-27384.064234071568	0	0	915	916
-27384.31213841118	0	0	916	904
-27384.077868762564	0	0	904	917
-27384.521803251773	0	0	917	904
-27384.189892472994	0	0	904	905
-27383.803252466634	0	0	905	904
-27383.930587140458	0	0	904	918
-27384.119314476637	0	0	918	919
-27383.75337967805	0	0	919	920
-27383.798540508793	0	0	920	905
-27383.619928446882	0	0	905	893
-27383.83093597212	0	0	893	921
-27383.62544090527	0	0	921	904
-27383.30056317639	0	0	904	920
-27383.457853021955	0	0	920	922
-27383.43932461862	0	0	922	923
-27383.348289057118	0	0	923	889
-27383.258838621827	0	0	889	924
-27383.626236609358	0	0	924	925
-27383.81071623521	0	0	925	904
-27383.79771544849	0	0	904	926
-27383.567137770347	0	0	926	905
-27383.67709034407	0	0	905	927
-27383.938118453672	0	0	927	905
-27383.590242557035	0	0	905	928
-27383.69026658986	0	0	928	904
-27383.491310705278	0	0	904	920
-27383.555243124996	0	0	920	905
-27383.0903047502	0	0	905	929
-27383.652654659294	0	0	929	930
-27383.76300871308	0	0	930	897
-27383.43659251697	0	0	897	905
-27383.53103189792	0	0	905	931
-27383.502507644458	0	0	931	920
-27383.395192689066	0	0	920	899
-27382.698428833603	0	0	899	905
-27382.352559848194	0	0	905	932
-27383.253729194188	0	0	932	933
-27383.237665693392	0	0	933	934
-27382.841050433657	0	0	934	935
-27382.525042075064	0	0	935	936
-27382.972271947714	0	0	936	937
-27382.827711009868	0	0	937	938
-27382.869360930104	0	0	938	939
-27382.271031991135	0	0	939	534
-27381.982423642694	0	0	534	940
-27382.2517098114	0	0	940	941
-27382.78380621162	0	0	941	942
-27382.454450509824	0	0	942	943
-27382.78810619718	0	0	943	944
-27382.936808034712	0	0	944	945
-27382.394573741374	0	0	945	946
-27382.21499112247	0	0	946	947
-27382.78447827166	0	0	947	948
-27382.319587076265	0	0	948	949
-27382.54393896251	0	0	949	950
-27382.53149308476	0	0	950	940
-27382.42996920584	0	0	940	951
-27382.3820562053	0	0	951	952
-27382.830071068267	0	0	952	953
-27382.98626538393	0	0	953	954
-27382.973047922795	0	0	954	955
-27382.79728437202	0	0	955	956
-27382.497041111183	0	0	956	946
-27382.426016437523	0	0	946	957
-27381.862165719216	0	0	957	958
-27382.637023577503	0	0	958	959
-27382.759303930587	0	0	959	960
-27382.933346536447	0	0	960	961
-27382.74948549027	0	0	961	962
-27382.860549896377	0	0	962	963
-27382.41637216283	0	0	963	783
-27382.672506610557	0	0	783	964
-27382.870742212093	0	0	964	965
-27383.125249869918	0	0	965	966
-27383.0936030901	0	0	966	967
-27383.07855853729	0	0	967	968
-27382.551321704883	0	0	968	969
-27382.693637530167	0	0	969	970
-27382.618969380335	0	0	970	971
-27382.097616920102	0	0	971	972
-27382.504308437616	0	0	972	973
-27382.428714329457	0	0	973	957
-27382.15441715166	0	0	957	974
-27381.760104709534	0	0	974	975
-27382.336452937823	0	0	975	976
-27382.54310855786	0	0	976	840
-27382.39424477621	0	0	840	977
-27382.158363716233	0	0	977	978
-27382.220110030146	0	0	978	979
-27382.03915765853	0	0	979	770
-27381.373500234047	0	0	770	980
-27382.063477805204	0	0	980	956
-27381.780186832162	0	0	956	981
-27381.519390036035	0	0	981	982
-27381.62793361328	0	0	982	983
-27382.369117679737	0	0	983	984
-27381.931018209732	0	0	984	985
-27381.626775754143	0	0	985	986
-27381.676867835216	0	0	986	987
-27381.90843834255	0	0	987	988
-27381.383015923464	0	0	988	989
-27381.122207124397	0	0	989	990
-27380.37996338474	0	0	990	991
-27380.98294989634	0	0	991	992
-27380.737490504813	0	0	992	993
-27381.513848539013	0	0	993	962
-27380.652574159038	0	0	962	994
-27381.195855824866	0	0	994	715
-27381.41549870521	0	0	715	995
-27381.35270411303	0	0	995	996
-27380.71988529621	0	0	996	997
-27381.503246941087	0	0	997	998
-27382.056617375558	0	0	998	999
-27381.583858495094	0	0	999	1000
-27381.791072758497	0	0	1000	1001
-27382.24446510116	0	0	1001	1002
-27381.730494433097	0	0	1002	971
-27382.02857197688	0	0	971	1003
-27381.203411398023	0	0	1003	765
-27381.48622806307	0	0	765	1004
-27381.62197329173	0	0	1004	1005
-27381.801211242026	0	0	1005	1006
-27381.623133833367	0	0	1006	975
-27381.164194257493	0	0	975	1007
-27380.68254632207	0	0	1007	1008
-27381.64700850292	0	0	1008	1009
-27381.948889467054	0	0	1009	1010
-27381.215593149092	0	0	1010	1011
-27381.913620767213	0	0	1011	1012
-27382.632841711194	0	0	1012	1013
-27382.891248307693	0	0	1013	1014
-27382.93102046111	0	0	1014	1015
-27382.88547251994	0	0	1015	1016
-27383.300737524412	0	0	1016	1017
-27383.225802078487	0	0	1017	153
-27383.020059065326	0	0	153	1018
-27383.23114866633	0	0	1018	1019
-27383.617447425153	0	0	1019	1020
-27383.62742224061	0	0	1020	1021
-27383.405323076433	0	0	1021	1022
-27383.94964911173	0	0	1022	153
-27383.294160914695	0	0	153	1023
-27383.872553495974	0	0	1023	1024
-27383.720432830298	0	0	1024	1025
-27383.357201917664	0	0	1025	1026
-27384.18812665735	0	0	1026	1027
-27384.12967464901	0	0	1027	1028
-27384.0184532001	0	0	1028	1027
-27384.20065105329	0	0	1027	1029
-27383.97427761639	0	0	1029	1030
-27384.285470352494	0	0	1030	1031
-27383.956167036187	0	0	1031	286
-27384.0160572788	0	0	286	1032
-27384.334464195545	0	0	1032	1033
-27384.51829200363	0	0	1033	219
-27384.273734699746	0	0	219	1030
-27383.88692697801	0	0	1030	1034
-27384.219160105044	0	0	1034	1035
-27384.17097486197	0	0	1035	1036
-27384.203052350153	0	0	1036	226
-27384.34394813874	0	0	226	1037
-27384.27108623466	0	0	1037	1036
-27383.14699131641	0	0	1036	1038
-27383.365059762895	0	0	1038	1039
-27383.068390477525	0	0	1039	1038
-27382.910635789252	0	0	1038	1040
-27382.627394498937	0	0	1040	338
-27382.75201678084	0	0	338	1041
-27382.76685401972	0	0	1041	1042
-27382.672422699245	0	0	1042	1043
-27382.911421613033	0	0	1043	1044
-27383.099953690114	0	0	1044	1045
-27382.75885019223	0	0	1045	1046
-27382.75111572272	0	0	1046	1047
-27382.54593483261	0	0	1047	1048
-27382.425019998554	0	0	1048	1049
-27382.609612397555	0	0	1049	1050
-27383.08680220276	0	0	1050	1051
-27383.09104544694	0	0	1051	1052
-27383.047448647587	0	0	1052	1053
-27383.32299560767	0	0	1053	1054
-27382.939659162257	0	0	1054	1055
-27382.62116160717	0	0	1055	1056
-27382.37157402937	0	0	1056	1057
-27382.711224124007	0	0	1057	226
-27382.754832015387	0	0	226	1058
-27382.507741160814	0	0	1058	1059
-27383.11812211156	0	0	1059	1051
-27382.653651524284	0	0	1051	1060
-27382.98667116114	0	0	1060	1061
-27383.53062470416	0	0	1061	216
-27382.835040214344	0	0	216	1062
-27382.76056847689	0	0	1062	1063
-27382.958024479834	0	0	1063	1064
-27383.09939053797	0	0	1064	1065
-27382.97718724239	0	0	1065	1066
-27383.03381958823	0	0	1066	1037
-27383.02735700049	0	0	1037	993
-27383.11635045309	0	0	993	1067
-27383.166800799132	0	0	1067	1068
-27382.98696446306	0	0	1068	1042
-27383.022456444785	0	0	1042	1069
-27383.431134855673	0	0	1069	1070
-27383.330690204577	0	0	1070	1071
-27383.73300178681	0	0	1071	1072
-27383.48968012659	0	0	1072	1073
-27384.04286239169	0	0	1073	1074
-27383.606241603167	0	0	1074	1075
-27383.951112997514	0	0	1075	1076
-27383.770558106116	0	0	1076	1077
-27383.85077119284	0	0	1077	1046
-27383.43934490943	0	0	1046	1078
-27383.85214105191	0	0	1078	1079
-27383.723201544322	0	0	1079	1080
-27383.255424888688	0	0	1080	1081
-27383.237116111588	0	0	1081	1082
-27382.688161001417	0	0	1082	1083
-27383.232141786844	0	0	1083	1079
-27383.048743626925	0	0	1079	1084
-27383.019669164933	0	0	1084	1005
-27382.850519772845	0	0	1005	1085
-27383.0336573151	0	0	1085	1086
-27383.22997690553	0	0	1086	1087
-27382.908080729834	0	0	1087	1088
-27383.382997491128	0	0	1088	1089
-27382.729922395145	0	0	1089	1090
-27382.695280047064	0	0	1090	732
-27382.131459335567	0	0	732	1091
-27382.966585578502	0	0	1091	1092
-27382.930803452222	0	0	1092	1093
-27383.236152313708	0	0	1093	1094
-27383.353912557333	0	0	1094	1095
-27383.686439780693	0	0	1095	1096
-27383.507032607653	0	0	1096	1097
-27383.20085292436	0	0	1097	1095
-27383.49829646657	0	0	1095	1098
-27383.674493918334	0	0	1098	1099
-27383.794821518823	0	0	1099	1100
-27384.03707125983	0	0	1100	1101
-27384.204337878724	0	0	1101	1102
-27384.002540980982	0	0	1102	1101
-27384.14721270367	0	0	1101	1103
-27384.094598784584	0	0	1103	1104
-27384.32221830014	0	0	1104	1105
-27384.674120544954	0	0	1105	1106
-27384.502595812795	0	0	1106	1107
-27384.873608612557	0	0	1107	1108
-27384.716905008572	0	0	1108	1109
-27384.858775196248	0	0	1109	1110
-27385.15817045145	0	0	1110	1111
-27385.140922944433	0	0	1111	1112
-27385.38329939385	0	0	1112	1113
-27385.179772204523	0	0	1113	1114
-27385.212594950826	0	0	1114	1115
-27385.460876084857	0	0	1115	1116
-27385.406794851006	0	0	1116	1114
-27385.303178841914	0	0	1114	1117
-27385.323810772163	0	0	1117	1118
-27385.209639294986	0	0	1118	1119
-27385.633944946887	0	0	1119	1120
-27385.776310884023	0	0	1120	1121
-27385.725954281348	0	0	1121	1122
-27385.76184458234	0	0	1122	1123
-27385.857962994094	0	0	1123	1122
-27385.834198206125	0	0	1122	1121
-27385.717920403164	0	0	1121	1123
-27385.776588138753	0	0	1123	1124
-27385.50175860184	0	0	1124	1122
-27385.453139006055	0	0	1122	1121
-27385.433647713733	0	0	1121	1125
-27385.278284288903	0	0	1125	1126
-27385.489519543007	0	0	1126	1127
-27385.739343139507	0	0	1127	1128
-27385.789477598744	0	0	1128	1129
-27385.900510708765	0	0	1129	1128
-27385.76975201558	0	0	1128	1129
-27385.763162176103	0	0	1129	1130
-27385.767218960333	0	0	1130	1131
-27385.76947591581	0	0	1131	1132
-27385.818742806405	0	0	1132	1131
-27385.713893132448	0	0	1131	1132
-27385.70980830263	0	0	1132	1130
-27385.590061360075	0	0	1130	1132
-27385.219850411173	0	0	1132	1133
-27385.330068838757	0	0	1133	1134
-27385.17445533926	0	0	1134	1133
-27385.142539711742	0	0	1133	1135
-27385.259113603704	0	0	1135	1136
-27384.967338092472	0	0	1136	1133
-27384.873776286484	0	0	1133	1137
-27384.97730144139	0	0	1137	1138
-27384.70281164565	0	0	1138	1137
-27384.842510423	0	0	1137	1139
-27384.804626903908	0	0	1139	1137
-27384.763741635026	0	0	1137	1140
-27384.640287285136	0	0	1140	1141
-27384.453537597998	0	0	1141	1142
-27383.924142086864	0	0	1142	1143
-27384.28022261533	0	0	1143	1144
-27384.659954914372	0	0	1144	1145
-27384.823178599778	0	0	1145	1143
-27384.349457198587	0	0	1143	1144
-27384.303744819103	0	0	1144	1134
-27384.406769082292	0	0	1134	1146
-27384.580267277554	0	0	1146	1136
-27384.35148473901	0	0	1136	1147
-27384.35629617949	0	0	1147	1141
-27384.242004770935	0	0	1141	1137
-27384.05380959971	0	0	1137	1148
-27384.305158460244	0	0	1148	1149
-27384.564200608336	0	0	1149	1150
-27383.955734010724	0	0	1150	1151
-27384.062802746645	0	0	1151	1152
-27383.864151437716	0	0	1152	975
-27383.585383932917	0	0	975	823
-27383.045942154902	0	0	823	1153
-27383.385795405455	0	0	1153	1154
-27383.182084655335	0	0	1154	1155
-27383.150963887238	0	0	1155	1156
-27383.776858143858	0	0	1156	1157
-27384.071024780853	0	0	1157	1158
-27384.04789512696	0	0	1158	1159
-27384.268031290827	0	0	1159	1160
-27383.698874090926	0	0	1160	1157
-27383.768217019755	0	0	1157	939
-27382.938355773113	0	0	939	1157
-27383.068946422078	0	0	1157	1161
-27383.507488897132	0	0	1161	1162
-27383.477340173813	0	0	1162	1163
-27383.311126777222	0	0	1163	813
-27382.804503643172	0	0	813	1157
-27382.507756390565	0	0	1157	1164
-27383.03277446712	0	0	1164	1165
-27382.772362108815	0	0	1165	1166
-27383.166099107562	0	0	1166	1167
-27382.614168664448	0	0	1167	1168
-27382.60809896036	0	0	1168	1169
-27383.00942328504	0	0	1169	1170
-27382.93884701543	0	0	1170	1171
-27382.569260782202	0	0	1171	1172
-27383.1267397574	0	0	1172	1173
-27383.1053940117	0	0	1173	1174
-27383.277958595572	0	0	1174	1175
-27383.320498513698	0	0	1175	1176
-27382.99456396461	0	0	1176	1177
-27383.718485719462	0	0	1177	1178
-27383.38733571013	0	0	1178	1179
-27383.029081241344	0	0	1179	199
-27382.7344326799	0	0	199	1180
-27383.451601837864	0	0	1180	1181
-27383.21311061731	0	0	1181	1182
-27382.782281037456	0	0	1182	1183
-27383.39073585961	0	0	1183	1184
-27383.709335525127	0	0	1184	1185
-27383.377918113896	0	0	1185	1186
-27383.37568891873	0	0	1186	1187
-27383.88874161057	0	0	1187	1188
-27383.788510411716	0	0	1188	873
-27383.781465720676	0	0	873	1189
-27383.996517000527	0	0	1189	1190
-27383.675425558584	0	0	1190	1185
-27384.051577944767	0	0	1185	1191
-27383.782083147904	0	0	1191	1192
-27383.779233551824	0	0	1192	1193
-27383.391140585656	0	0	1193	873
-27383.252714103815	0	0	873	1006
-27382.846403723823	0	0	1006	1194
-27382.75379234471	0	0	1194	1195
-27382.838047726123	0	0	1195	1006
-27382.517394266673	0	0	1006	1196
-27382.370341091602	0	0	1196	1177
-27381.51998199951	0	0	1177	1197
-27382.10321731851	0	0	1197	1198
-27381.25583140841	0	0	1198	783
-27381.605824591774	0	0	783	1199
-27382.06906662231	0	0	1199	1200
-27381.518898613194	0	0	1200	1195
-27381.61237376635	0	0	1195	1201
-27382.30166636162	0	0	1201	1202
-27382.69427312713	0	0	1202	1203
-27382.720911827608	0	0	1203	1204
-27383.043301651927	0	0	1204	1082
-27382.791144918825	0	0	1082	1205
-27382.552615328525	0	0	1205	1206
-27382.86579124113	0	0	1206	1207
-27383.48187665104	0	0	1207	1208
-27383.534658736193	0	0	1208	1209
-27383.420161626207	0	0	1209	783
-27383.155319311976	0	0	783	1210
-27383.817681372457	0	0	1210	1211
-27383.70759665995	0	0	1211	1212
-27383.462160366405	0	0	1212	1213
-27383.478531466848	0	0	1213	1214
-27383.222712124716	0	0	1214	1215
-27383.37201920013	0	0	1215	1216
-27383.972035541454	0	0	1216	193
-27383.17000429184	0	0	193	1217
-27383.14736635385	0	0	1217	1218
-27383.69746339746	0	0	1218	1219
-27383.657218341126	0	0	1219	1185
-27383.242512086108	0	0	1185	777
-27383.144911870426	0	0	777	1220
-27383.496590757597	0	0	1220	1221
-27383.418964423	0	0	1221	1222
-27383.647578274114	0	0	1222	1223
-27383.748423663274	0	0	1223	1224
-27383.989807729475	0	0	1224	1225
-27383.85682007424	0	0	1225	1226
-27384.344840138474	0	0	1226	1227
-27384.16933085402	0	0	1227	1228
-27384.096820634422	0	0	1228	1229
-27384.140080395286	0	0	1229	1228
-27384.334343263694	0	0	1228	1230
-27383.63020671472	0	0	1230	1231
-27383.986728618496	0	0	1231	1232
-27384.429640679056	0	0	1232	1233
-27384.49782646631	0	0	1233	1234
-27384.557282068487	0	0	1234	1235
-27384.6710621418	0	0	1235	1236
-27384.989091380503	0	0	1236	1237
-27384.95126327173	0	0	1237	1238
-27385.212833586214	0	0	1238	1239
-27385.07496659115	0	0	1239	1240
-27385.05220934845	0	0	1240	1241
-27385.092935293775	0	0	1241	1242
-27385.039629541356	0	0	1242	1243
-27384.97225703817	0	0	1243	1244
-27385.06836339865	0	0	1244	1245
-27385.066466359618	0	0	1245	1246
-27385.36476187827	0	0	1246	985
-27384.893385370255	0	0	985	1247
-27384.99176966589	0	0	1247	1248
-27384.794198418254	0	0	1248	1244
-27384.699317811508	0	0	1244	1249
-27384.863703943018	0	0	1249	985
-27384.57133501448	0	0	985	1250
-27384.339821415448	0	0	1250	1244
-27384.073837341453	0	0	1244	1247
-27384.238287216813	0	0	1247	1251
-27384.489241209885	0	0	1251	1197
-27384.137113140794	0	0	1197	1252
-27384.001171788237	0	0	1252	1253
-27383.78760761985	0	0	1253	1197
-27384.01568840979	0	0	1197	1201
-27384.221683274278	0	0	1201	1254
-27384.220765122816	0	0	1254	1255
-27384.457640140936	0	0	1255	1256
-27384.45715076208	0	0	1256	749
-27384.383086495676	0	0	749	1257
-27384.605189504364	0	0	1257	1258
-27384.60773590319	0	0	1258	1259
-27384.7238661539	0	0	1259	1260
-27384.645015854723	0	0	1260	1261
-27384.806765927962	0	0	1261	1262
-27385.008047201336	0	0	1262	1263
-27384.58810918464	0	0	1263	1262
-27384.596516622783	0	0	1262	1264
-27384.992942112833	0	0	1264	1265
-27384.837776745248	0	0	1265	751
-27384.919420651884	0	0	751	1266
-27384.810482415865	0	0	1266	1267
-27384.85756760634	0	0	1267	1268
-27385.025232542357	0	0	1268	975
-27384.831578684265	0	0	975	1269
-27385.14404006742	0	0	1269	1270
-27384.937718169356	0	0	1270	1082
-27384.898977562963	0	0	1082	1271
-27385.01395889376	0	0	1271	1272
-27384.43570334406	0	0	1272	1273
-27384.60104890747	0	0	1273	1274
-27384.647675859276	0	0	1274	1275
-27384.537321623793	0	0	1275	1276
-27384.44337457913	0	0	1276	1273
-27384.528936233462	0	0	1273	1277
-27384.31253662345	0	0	1277	1278
-27384.360019467582	0	0	1278	1279
-27384.047605891166	0	0	1279	1280
-27384.26551196572	0	0	1280	1281
-27383.863561608207	0	0	1281	1273
-27383.911489198985	0	0	1273	873
-27383.88118788737	0	0	873	1282
-27383.862553108353	0	0	1282	1283
-27384.15231595363	0	0	1283	1273
-27384.020726811526	0	0	1273	1284
-27383.56132269187	0	0	1284	1285
-27383.238118399968	0	0	1285	1286
-27383.939319339792	0	0	1286	1287
-27383.858441079028	0	0	1287	1288
-27384.074069671587	0	0	1288	1289
-27384.100301995226	0	0	1289	1286
-27383.93841021976	0	0	1286	1290
-27383.990242805463	0	0	1290	1291
-27383.60078351759	0	0	1291	1292
-27383.98934744601	0	0	1292	1293
-27384.183689655874	0	0	1293	1294
-27384.324933744574	0	0	1294	1295
-27383.691573202228	0	0	1295	1296
-27383.84304464101	0	0	1296	975
-27383.810154442355	0	0	975	1297
-27384.209782740538	0	0	1297	1298
-27383.753186274243	0	0	1298	1297
-27383.90945974561	0	0	1297	1299
-27384.36646909033	0	0	1299	1300
-27383.74238291574	0	0	1300	1301
-27384.35031789526	0	0	1301	1302
-27383.90605646521	0	0	1302	1303
-27384.527931572684	0	0	1303	1304
-27384.673340520952	0	0	1304	1305
-27384.755382482974	0	0	1305	1306
-27384.521492004213	0	0	1306	142
-27384.408041441537	0	0	142	1307
-27384.20331106475	0	0	1307	126
-27384.024057381554	0	0	126	1306
-27384.120973212168	0	0	1306	1308
-27383.58985207318	0	0	1308	1306
-27383.929266657615	0	0	1306	1309
-27383.759376580223	0	0	1309	1310
-27383.892724438116	0	0	1310	1311
-27383.496587759637	0	0	1311	1312
-27383.92540360055	0	0	1312	1313
-27383.72926027414	0	0	1313	1309
-27383.632461737187	0	0	1309	1314
-27383.355686018942	0	0	1314	1315
-27383.834168128185	0	0	1315	1316
-27383.77585024294	0	0	1316	1317
-27383.24667604027	0	0	1317	1312
-27383.54921562114	0	0	1312	1318
-27383.48216273861	0	0	1318	1319
-27383.419083643843	0	0	1319	1320
-27383.832207474377	0	0	1320	1321
-27384.0114821665	0	0	1321	1322
-27383.732099725974	0	0	1322	1323
-27383.7967072856	0	0	1323	1324
-27383.88594913079	0	0	1324	1325
-27384.32072448358	0	0	1325	1326
-27384.103680714252	0	0	1326	1308
-27384.10854838811	0	0	1308	1327
-27384.54858377497	0	0	1327	1304
-27383.93221160234	0	0	1304	1328
-27384.247467021414	0	0	1328	1308
-27384.15533444217	0	0	1308	1329
-27384.095706050182	0	0	1329	1330
-27384.27368099239	0	0	1330	1331
-27384.166385781824	0	0	1331	1332
-27384.56740272948	0	0	1332	1333
-27384.540827365545	0	0	1333	1334
-27384.34924806662	0	0	1334	1331
-27384.10610014837	0	0	1331	1307
-27383.83989333437	0	0	1307	1331
-27383.933297952462	0	0	1331	1335
-27384.41141979046	0	0	1335	1336
-27384.224408299175	0	0	1336	1337
-27384.14479244958	0	0	1337	128
-27383.99051962481	0	0	128	1338
-27384.23852972498	0	0	1338	1339
-27384.096034242513	0	0	1339	1340
-27384.02613730582	0	0	1340	1341
-27384.245810013745	0	0	1341	1342
-27383.859349471288	0	0	1342	1343
-27384.307427809024	0	0	1343	1344
-27383.987751086028	0	0	1344	1345
-27384.301956540832	0	0	1345	1346
-27384.60922436907	0	0	1346	1347
-27384.492318908928	0	0	1347	1251
-27384.55056320103	0	0	1251	1348
-27384.716579162487	0	0	1348	1349
-27384.699804957625	0	0	1349	1350
-27385.06235422403	0	0	1350	1351
-27384.91444134004	0	0	1351	1352
-27384.8853281273	0	0	1352	1353
-27385.181831318514	0	0	1353	1354
-27384.91055372405	0	0	1354	1355
-27385.244796665123	0	0	1355	985
-27385.089774635657	0	0	985	1244
-27385.110754291974	0	0	1244	1196
-27384.644824310868	0	0	1196	1356
-27384.961682109053	0	0	1356	1357
-27384.75500651019	0	0	1357	1358
-27385.203644218687	0	0	1358	1359
-27384.980311214444	0	0	1359	1358
-27385.036820345584	0	0	1358	1244
-27384.904541221098	0	0	1244	1360
-27384.871662890975	0	0	1360	1358
-27385.0143616021	0	0	1358	1361
-27384.901148984412	0	0	1361	1356
-27384.702007632943	0	0	1356	1362
-27384.866861741983	0	0	1362	1363
-27384.678647341643	0	0	1363	1364
-27384.884533414996	0	0	1364	1365
-27385.186178266926	0	0	1365	1366
-27384.89014397088	0	0	1366	1365
-27385.107395152	0	0	1365	1366
-27384.604296682985	0	0	1366	1364
-27384.556187278118	0	0	1364	1367
-27384.96004018936	0	0	1367	1368
-27384.953932170793	0	0	1368	1247
-27384.983588578623	0	0	1247	1361
-27384.81607711317	0	0	1361	1369
-27384.90692854228	0	0	1369	1370
-27384.887731117982	0	0	1370	1361
-27384.76608347748	0	0	1361	1241
-27384.811417989873	0	0	1241	1371
-27384.88469657652	0	0	1371	1372
-27384.780180377275	0	0	1372	1371
-27384.759575911186	0	0	1371	1373
-27384.553573896716	0	0	1373	1358
-27384.244568184517	0	0	1358	777
-27384.13043644794	0	0	777	1374
-27383.677457633567	0	0	1374	209
-27383.77481259718	0	0	209	1375
-27383.669757819524	0	0	1375	1376
-27383.634921468605	0	0	1376	1371
-27383.489726354113	0	0	1371	1377
-27383.537024959147	0	0	1377	1205
-27383.046035046078	0	0	1205	210
-27382.83305265865	0	0	210	1378
-27383.37860775589	0	0	1378	1379
-27383.183442653033	0	0	1379	1380
-27383.858729690495	0	0	1380	1381
-27383.966130538494	0	0	1381	643
-27383.659899347607	0	0	643	1382
-27383.482865461738	0	0	1382	1383
-27383.966464225094	0	0	1383	1384
-27383.69427506232	0	0	1384	1385
-27383.411409254222	0	0	1385	1386
-27383.14419343807	0	0	1386	1387
-27383.00665552762	0	0	1387	1388
-27383.551741882613	0	0	1388	1389
-27383.196091021295	0	0	1389	1390
-27383.626453004275	0	0	1390	158
-27383.68760270144	0	0	158	1391
-27384.010494461883	0	0	1391	1392
-27383.79862501287	0	0	1392	1284
-27383.87491523991	0	0	1284	1212
-27383.72490535586	0	0	1212	1007
-27383.206745816628	0	0	1007	1393
-27383.411834357783	0	0	1393	1394
-27383.15765422616	0	0	1394	1395
-27383.27767634568	0	0	1395	594
-27383.142451094296	0	0	594	1396
-27383.392402771206	0	0	1396	1397
-27383.37893827647	0	0	1397	1398
-27383.541507878712	0	0	1398	1399
